0	0	791
0	1	774
0	2	1219
0	3	447
0	4	1215
0	5	1013
0	6	952
0	7	1123
0	8	1080
0	9	458
0	10	1283
0	11	421
1	0	923
1	1	957
1	2	911
1	3	652
1	4	720
1	5	937
1	6	560
1	7	1115
1	8	1013
1	9	677
1	10	1037
1	11	877
2	0	1276
2	1	1028
2	2	1094
2	3	1344
2	4	872
2	5	1151
2	6	882
2	7	848
2	8	820
2	9	438
2	10	670
2	11	686
3	0	656
3	1	824
3	2	1092
3	3	1279
3	4	1110
3	5	1356
3	6	625
3	7	1360
3	8	949
3	9	1014
3	10	1167
3	11	410
4	0	1329
4	1	447
4	2	562
4	3	859
4	4	1210
4	5	544
4	6	667
4	7	957
4	8	908
4	9	442
4	10	1093
4	11	561
5	0	672
5	1	905
5	2	1065
5	3	529
5	4	1227
5	5	770
5	6	928
5	7	855
5	8	605
5	9	524
5	10	730
5	11	1137
6	0	1227
6	1	917
6	2	931
6	3	511
6	4	1098
6	5	948
6	6	766
6	7	684
6	8	1219
6	9	451
6	10	978
6	11	1315
7	0	771
7	1	1015
7	2	663
7	3	551
7	4	414
7	5	917
7	6	719
7	7	1204
7	8	1081
7	9	1325
7	10	1004
7	11	669
8	0	982
8	1	1027
8	2	591
8	3	430
8	4	1135
8	5	580
8	6	690
8	7	699
8	8	653
8	9	852
8	10	681
8	11	483
9	0	1153
9	1	607
9	2	1398
9	3	1207
9	4	1155
9	5	945
9	6	1282
9	7	789
9	8	1017
9	9	1133
9	10	1261
9	11	954
10	0	1029
10	1	596
10	2	1249
10	3	440
10	4	539
10	5	624
10	6	982
10	7	679
10	8	590
10	9	646
10	10	488
10	11	448
11	0	1388
11	1	760
11	2	859
11	3	1019
11	4	1091
11	5	579
11	6	1193
11	7	1285
11	8	800
11	9	1361
11	10	437
11	11	427
12	0	1354
12	1	796
12	2	666
12	3	721
12	4	519
12	5	823
12	6	768
12	7	1227
12	8	419
12	9	1297
12	10	820
12	11	1188
13	0	602
13	1	1398
13	2	500
13	3	1179
13	4	986
13	5	1190
13	6	716
13	7	1204
13	8	1005
13	9	856
13	10	1263
13	11	1193
14	0	694
14	1	725
14	2	733
14	3	593
14	4	1120
14	5	1381
14	6	1077
14	7	1054
14	8	509
14	9	806
14	10	1208
14	11	506
15	0	661
15	1	736
15	2	758
15	3	1309
15	4	773
15	5	1144
15	6	661
15	7	508
15	8	563
15	9	1030
15	10	538
15	11	672
16	0	689
16	1	528
16	2	936
16	3	1215
16	4	809
16	5	651
16	6	1383
16	7	592
16	8	1271
16	9	876
16	10	860
16	11	1262
17	0	1336
17	1	1178
17	2	713
17	3	860
17	4	1062
17	5	1023
17	6	1283
17	7	579
17	8	437
17	9	1342
17	10	514
17	11	1375
18	0	1138
18	1	434
18	2	568
18	3	1243
18	4	1322
18	5	1350
18	6	1066
18	7	460
18	8	1197
18	9	1281
18	10	906
18	11	415
19	0	735
19	1	1139
19	2	732
19	3	1349
19	4	752
19	5	577
19	6	1037
19	7	1099
19	8	802
19	9	1377
19	10	575
19	11	727
20	0	731
20	1	1311
20	2	1232
20	3	740
20	4	514
20	5	1277
20	6	732
20	7	449
20	8	1005
20	9	773
20	10	629
20	11	916
21	0	500
21	1	540
21	2	797
21	3	827
21	4	640
21	5	505
21	6	1276
21	7	617
21	8	1007
21	9	997
21	10	672
21	11	1093
22	0	899
22	1	583
22	2	475
22	3	873
22	4	1251
22	5	756
22	6	617
22	7	941
22	8	1282
22	9	1155
22	10	1274
22	11	736
23	0	535
23	1	937
23	2	460
23	3	1262
23	4	1146
23	5	442
23	6	1206
23	7	863
23	8	810
23	9	1293
23	10	1203
23	11	453
24	0	678
24	1	632
24	2	627
24	3	1209
24	4	573
24	5	1301
24	6	486
24	7	934
24	8	1268
24	9	1362
24	10	1242
24	11	587
25	0	1280
25	1	525
25	2	641
25	3	746
25	4	556
25	5	730
25	6	672
25	7	1090
25	8	673
25	9	1323
25	10	1296
25	11	1362
26	0	703
26	1	1033
26	2	1159
26	3	630
26	4	675
26	5	1219
26	6	768
26	7	1091
26	8	649
26	9	660
26	10	758
26	11	1116
27	0	784
27	1	501
27	2	702
27	3	700
27	4	419
27	5	845
27	6	611
27	7	993
27	8	1104
27	9	858
27	10	691
27	11	1136
28	0	740
28	1	1214
28	2	1149
28	3	1176
28	4	439
28	5	1135
28	6	839
28	7	477
28	8	522
28	9	1315
28	10	1327
28	11	615
29	0	1096
29	1	502
29	2	501
29	3	489
29	4	971
29	5	585
29	6	1232
29	7	998
29	8	1326
29	9	633
29	10	661
29	11	420
30	0	1381
30	1	426
30	2	667
30	3	1356
30	4	541
30	5	678
30	6	680
30	7	905
30	8	894
30	9	1349
30	10	552
30	11	556
31	0	737
31	1	1117
31	2	1379
31	3	1123
31	4	744
31	5	1370
31	6	1251
31	7	957
31	8	769
31	9	810
31	10	692
31	11	564
32	0	790
32	1	1100
32	2	1159
32	3	708
32	4	1397
32	5	798
32	6	1340
32	7	1063
32	8	1365
32	9	1213
32	10	1154
32	11	473
33	0	1256
33	1	685
33	2	1276
33	3	949
33	4	725
33	5	1257
33	6	768
33	7	551
33	8	1169
33	9	653
33	10	848
33	11	465
34	0	636
34	1	960
34	2	1158
34	3	678
34	4	455
34	5	448
34	6	921
34	7	823
34	8	879
34	9	522
34	10	1242
34	11	995
35	0	1142
35	1	874
35	2	423
35	3	519
35	4	719
35	5	533
35	6	584
35	7	941
35	8	1259
35	9	641
35	10	1037
35	11	805
36	0	610
36	1	502
36	2	886
36	3	1073
36	4	593
36	5	610
36	6	1011
36	7	430
36	8	683
36	9	1159
36	10	1180
36	11	1077
37	0	595
37	1	768
37	2	1318
37	3	1037
37	4	789
37	5	989
37	6	1063
37	7	456
37	8	1332
37	9	490
37	10	622
37	11	837
38	0	1148
38	1	674
38	2	584
38	3	670
38	4	643
38	5	903
38	6	793
38	7	457
38	8	874
38	9	404
38	10	618
38	11	707
39	0	924
39	1	432
39	2	920
39	3	1062
39	4	924
39	5	1226
39	6	840
39	7	1368
39	8	1184
39	9	826
39	10	1071
39	11	1163
40	0	1247
40	1	895
40	2	627
40	3	743
40	4	1292
40	5	1242
40	6	1249
40	7	712
40	8	1170
40	9	897
40	10	501
40	11	652
41	0	580
41	1	1203
41	2	1279
41	3	1379
41	4	1308
41	5	603
41	6	957
41	7	1036
41	8	1195
41	9	489
41	10	603
41	11	1135
42	0	537
42	1	732
42	2	774
42	3	575
42	4	882
42	5	1289
42	6	1186
42	7	518
42	8	807
42	9	579
42	10	1147
42	11	1017
43	0	1088
43	1	1170
43	2	1035
43	3	1215
43	4	832
43	5	679
43	6	1255
43	7	977
43	8	563
43	9	681
43	10	1023
43	11	837
44	0	950
44	1	871
44	2	1098
44	3	1222
44	4	859
44	5	665
44	6	1013
44	7	1017
44	8	676
44	9	937
44	10	710
44	11	672
45	0	1388
45	1	591
45	2	494
45	3	1201
45	4	745
45	5	1263
45	6	1088
45	7	648
45	8	950
45	9	469
45	10	1206
45	11	783
46	0	670
46	1	1217
46	2	440
46	3	1102
46	4	900
46	5	1168
46	6	475
46	7	433
46	8	1107
46	9	1177
46	10	599
46	11	836
47	0	1347
47	1	1211
47	2	1226
47	3	773
47	4	562
47	5	412
47	6	697
47	7	973
47	8	1054
47	9	1343
47	10	910
47	11	768
48	0	1216
48	1	1240
48	2	457
48	3	1175
48	4	959
48	5	463
48	6	799
48	7	454
48	8	920
48	9	1177
48	10	679
48	11	1360
49	0	457
49	1	717
49	2	1392
49	3	903
49	4	628
49	5	1000
49	6	797
49	7	934
49	8	870
49	9	830
49	10	885
49	11	533
50	0	813
50	1	921
50	2	581
50	3	778
50	4	757
50	5	986
50	6	943
50	7	1148
50	8	646
50	9	1315
50	10	1338
50	11	507
51	0	974
51	1	826
51	2	1237
51	3	1348
51	4	983
51	5	701
51	6	1222
51	7	737
51	8	649
51	9	1387
51	10	475
51	11	1168
52	0	431
52	1	892
52	2	476
52	3	1390
52	4	481
52	5	1032
52	6	898
52	7	1095
52	8	1037
52	9	541
52	10	731
52	11	1260
53	0	1014
53	1	702
53	2	455
53	3	827
53	4	1385
53	5	492
53	6	691
53	7	1376
53	8	813
53	9	1049
53	10	1147
53	11	410
54	0	1132
54	1	648
54	2	804
54	3	881
54	4	687
54	5	1273
54	6	1249
54	7	630
54	8	1273
54	9	1292
54	10	777
54	11	472
55	0	1373
55	1	721
55	2	1381
55	3	792
55	4	667
55	5	1044
55	6	1022
55	7	610
55	8	1351
55	9	571
55	10	667
55	11	1260
56	0	607
56	1	910
56	2	1383
56	3	1043
56	4	687
56	5	1161
56	6	436
56	7	1386
56	8	479
56	9	1105
56	10	744
56	11	1372
57	0	1067
57	1	789
57	2	1196
57	3	718
57	4	780
57	5	588
57	6	1368
57	7	672
57	8	440
57	9	1043
57	10	858
57	11	598
58	0	1046
58	1	516
58	2	1056
58	3	424
58	4	923
58	5	976
58	6	422
58	7	551
58	8	458
58	9	1036
58	10	483
58	11	1252
59	0	876
59	1	698
59	2	608
59	3	1068
59	4	1185
59	5	1130
59	6	1298
59	7	1236
59	8	1319
59	9	1201
59	10	1146
59	11	689
60	0	720
60	1	434
60	2	855
60	3	787
60	4	1084
60	5	479
60	6	708
60	7	490
60	8	766
60	9	1239
60	10	645
60	11	1351
61	0	1379
61	1	1261
61	2	691
61	3	1372
61	4	456
61	5	1100
61	6	801
61	7	433
61	8	662
61	9	924
61	10	1336
61	11	772
62	0	921
62	1	758
62	2	1263
62	3	715
62	4	992
62	5	410
62	6	900
62	7	676
62	8	521
62	9	1310
62	10	449
62	11	1246
63	0	1263
63	1	1194
63	2	855
63	3	1057
63	4	1256
63	5	815
63	6	533
63	7	980
63	8	983
63	9	640
63	10	1330
63	11	1138
64	0	1139
64	1	786
64	2	679
64	3	1159
64	4	511
64	5	1301
64	6	1285
64	7	1077
64	8	579
64	9	1252
64	10	829
64	11	1282
65	0	906
65	1	981
65	2	1124
65	3	981
65	4	1057
65	5	1337
65	6	882
65	7	687
65	8	805
65	9	625
65	10	721
65	11	1364
66	0	616
66	1	540
66	2	1379
66	3	984
66	4	980
66	5	1351
66	6	1094
66	7	429
66	8	966
66	9	1167
66	10	1029
66	11	845
67	0	499
67	1	1205
67	2	1184
67	3	807
67	4	1239
67	5	599
67	6	679
67	7	906
67	8	637
67	9	429
67	10	476
67	11	629
68	0	662
68	1	1339
68	2	568
68	3	792
68	4	958
68	5	1331
68	6	421
68	7	1057
68	8	703
68	9	1033
68	10	981
68	11	509
69	0	1216
69	1	1068
69	2	892
69	3	663
69	4	468
69	5	899
69	6	625
69	7	705
69	8	998
69	9	901
69	10	1143
69	11	1273
70	0	1375
70	1	1268
70	2	1345
70	3	570
70	4	1267
70	5	747
70	6	992
70	7	1162
70	8	409
70	9	1160
70	10	1025
70	11	1362
71	0	1200
71	1	1086
71	2	1205
71	3	728
71	4	475
71	5	1109
71	6	756
71	7	817
71	8	1005
71	9	552
71	10	1296
71	11	1018
72	0	642
72	1	653
72	2	639
72	3	959
72	4	606
72	5	759
72	6	1227
72	7	750
72	8	1319
72	9	1203
72	10	810
72	11	1041
73	0	1372
73	1	1193
73	2	720
73	3	689
73	4	635
73	5	1224
73	6	533
73	7	645
73	8	1291
73	9	1225
73	10	1159
73	11	522
74	0	568
74	1	909
74	2	465
74	3	1180
74	4	1247
74	5	563
74	6	1301
74	7	607
74	8	607
74	9	808
74	10	439
74	11	1281
75	0	1322
75	1	725
75	2	1280
75	3	1219
75	4	976
75	5	1083
75	6	1358
75	7	879
75	8	1269
75	9	1320
75	10	605
75	11	1180
76	0	714
76	1	1349
76	2	1051
76	3	920
76	4	581
76	5	1234
76	6	1150
76	7	1000
76	8	1143
76	9	1272
76	10	1192
76	11	1016
77	0	799
77	1	1016
77	2	1334
77	3	897
77	4	498
77	5	1388
77	6	621
77	7	509
77	8	984
77	9	1040
77	10	991
77	11	1348
78	0	779
78	1	815
78	2	680
78	3	710
78	4	506
78	5	1256
78	6	620
78	7	1021
78	8	1081
78	9	811
78	10	1387
78	11	1320
79	0	564
79	1	603
79	2	1021
79	3	1248
79	4	963
79	5	1362
79	6	571
79	7	1287
79	8	1087
79	9	1389
79	10	511
79	11	1388
80	0	619
80	1	1251
80	2	1304
80	3	594
80	4	944
80	5	1212
80	6	1219
80	7	730
80	8	909
80	9	1290
80	10	1224
80	11	740
81	0	608
81	1	1240
81	2	1151
81	3	804
81	4	508
81	5	659
81	6	604
81	7	917
81	8	684
81	9	912
81	10	1039
81	11	1238
82	0	737
82	1	545
82	2	1264
82	3	1137
82	4	981
82	5	1376
82	6	1148
82	7	530
82	8	841
82	9	527
82	10	665
82	11	808
83	0	1005
83	1	1232
83	2	562
83	3	1367
83	4	750
83	5	1381
83	6	797
83	7	522
83	8	1067
83	9	402
83	10	633
83	11	1379
84	0	626
84	1	1276
84	2	695
84	3	1045
84	4	1394
84	5	1182
84	6	590
84	7	436
84	8	707
84	9	516
84	10	690
84	11	781
85	0	909
85	1	800
85	2	516
85	3	897
85	4	1250
85	5	1305
85	6	737
85	7	1197
85	8	593
85	9	1048
85	10	1180
85	11	408
86	0	607
86	1	1197
86	2	421
86	3	974
86	4	589
86	5	797
86	6	429
86	7	1152
86	8	703
86	9	1194
86	10	489
86	11	887
87	0	456
87	1	466
87	2	1125
87	3	666
87	4	478
87	5	672
87	6	998
87	7	654
87	8	1226
87	9	768
87	10	856
87	11	613
88	0	1051
88	1	575
88	2	441
88	3	1282
88	4	1195
88	5	1281
88	6	867
88	7	1129
88	8	662
88	9	579
88	10	434
88	11	643
89	0	585
89	1	683
89	2	968
89	3	632
89	4	666
89	5	1157
89	6	823
89	7	1295
89	8	500
89	9	696
89	10	1360
89	11	1218
90	0	1113
90	1	739
90	2	1300
90	3	795
90	4	833
90	5	1076
90	6	632
90	7	1021
90	8	710
90	9	414
90	10	880
90	11	1019
91	0	1037
91	1	1197
91	2	1370
91	3	1172
91	4	1190
91	5	858
91	6	838
91	7	1222
91	8	912
91	9	1059
91	10	1127
91	11	1228
92	0	1373
92	1	434
92	2	952
92	3	876
92	4	830
92	5	776
92	6	717
92	7	1209
92	8	464
92	9	649
92	10	1144
92	11	495
93	0	1045
93	1	869
93	2	1042
93	3	610
93	4	1362
93	5	424
93	6	879
93	7	997
93	8	1014
93	9	926
93	10	959
93	11	1032
94	0	1020
94	1	850
94	2	911
94	3	1320
94	4	871
94	5	445
94	6	867
94	7	1300
94	8	1145
94	9	1383
94	10	1218
94	11	1318
95	0	478
95	1	929
95	2	1021
95	3	1193
95	4	765
95	5	666
95	6	1245
95	7	1184
95	8	709
95	9	548
95	10	779
95	11	1182
96	0	453
96	1	423
96	2	776
96	3	899
96	4	873
96	5	930
96	6	1255
96	7	789
96	8	1245
96	9	1109
96	10	1049
96	11	474
97	0	447
97	1	911
97	2	1113
97	3	452
97	4	531
97	5	1265
97	6	962
97	7	970
97	8	512
97	9	1290
97	10	453
97	11	1022
98	0	461
98	1	760
98	2	461
98	3	572
98	4	569
98	5	926
98	6	1034
98	7	1282
98	8	645
98	9	1380
98	10	456
98	11	1198
99	0	640
99	1	728
99	2	1294
99	3	1094
99	4	1188
99	5	429
99	6	876
99	7	418
99	8	802
99	9	1364
99	10	889
99	11	1083
100	0	1341
100	1	1306
100	2	691
100	3	672
100	4	588
100	5	749
100	6	736
100	7	957
100	8	1302
100	9	1236
100	10	1019
100	11	1047
101	0	892
101	1	635
101	2	761
101	3	864
101	4	961
101	5	608
101	6	651
101	7	1117
101	8	1303
101	9	858
101	10	850
101	11	406
102	0	609
102	1	594
102	2	595
102	3	600
102	4	1019
102	5	1077
102	6	705
102	7	1186
102	8	912
102	9	1013
102	10	492
102	11	830
103	0	759
103	1	1051
103	2	590
103	3	1024
103	4	676
103	5	608
103	6	997
103	7	1308
103	8	1328
103	9	785
103	10	1183
103	11	1219
104	0	1187
104	1	1197
104	2	471
104	3	832
104	4	744
104	5	1104
104	6	1011
104	7	474
104	8	1170
104	9	1379
104	10	588
104	11	947
105	0	1097
105	1	473
105	2	1186
105	3	1392
105	4	641
105	5	734
105	6	698
105	7	751
105	8	530
105	9	1135
105	10	424
105	11	632
106	0	1197
106	1	723
106	2	1045
106	3	1265
106	4	1031
106	5	871
106	6	550
106	7	1144
106	8	522
106	9	707
106	10	1199
106	11	923
107	0	917
107	1	961
107	2	994
107	3	1078
107	4	1147
107	5	799
107	6	1271
107	7	885
107	8	1189
107	9	1157
107	10	960
107	11	1271
108	0	753
108	1	476
108	2	800
108	3	1217
108	4	1162
108	5	733
108	6	1281
108	7	427
108	8	543
108	9	1143
108	10	1370
108	11	1174
109	0	1031
109	1	928
109	2	1150
109	3	1370
109	4	474
109	5	1106
109	6	1328
109	7	1083
109	8	1280
109	9	1358
109	10	1220
109	11	1009
110	0	1391
110	1	616
110	2	1195
110	3	598
110	4	1102
110	5	1197
110	6	789
110	7	880
110	8	1329
110	9	961
110	10	619
110	11	1320
111	0	1229
111	1	1210
111	2	1040
111	3	403
111	4	540
111	5	764
111	6	957
111	7	1032
111	8	844
111	9	939
111	10	564
111	11	1228
112	0	1014
112	1	953
112	2	855
112	3	1069
112	4	474
112	5	623
112	6	633
112	7	1306
112	8	539
112	9	1083
112	10	401
112	11	556
113	0	1034
113	1	658
113	2	952
113	3	558
113	4	578
113	5	950
113	6	711
113	7	532
113	8	425
113	9	666
113	10	856
113	11	1265
114	0	503
114	1	697
114	2	1050
114	3	1217
114	4	1350
114	5	496
114	6	1181
114	7	576
114	8	972
114	9	847
114	10	818
114	11	906
115	0	1258
115	1	710
115	2	1276
115	3	743
115	4	478
115	5	949
115	6	1018
115	7	1270
115	8	571
115	9	1382
115	10	884
115	11	976
116	0	1362
116	1	797
116	2	1043
116	3	1045
116	4	615
116	5	1274
116	6	860
116	7	1040
116	8	818
116	9	1393
116	10	880
116	11	1381
117	0	902
117	1	702
117	2	949
117	3	974
117	4	686
117	5	1103
117	6	1087
117	7	1342
117	8	683
117	9	661
117	10	1104
117	11	562
118	0	1056
118	1	708
118	2	1121
118	3	1316
118	4	929
118	5	1022
118	6	1054
118	7	435
118	8	972
118	9	1267
118	10	898
118	11	1340
119	0	1148
119	1	876
119	2	1104
119	3	933
119	4	784
119	5	1014
119	6	641
119	7	591
119	8	701
119	9	1330
119	10	1393
119	11	1101
120	0	906
120	1	702
120	2	402
120	3	553
120	4	530
120	5	1330
120	6	1065
120	7	459
120	8	1042
120	9	1102
120	10	830
120	11	601
121	0	446
121	1	1324
121	2	1101
121	3	413
121	4	1153
121	5	600
121	6	1047
121	7	1024
121	8	404
121	9	831
121	10	758
121	11	440
122	0	697
122	1	1069
122	2	715
122	3	721
122	4	410
122	5	1231
122	6	863
122	7	432
122	8	937
122	9	470
122	10	667
122	11	1094
123	0	985
123	1	1354
123	2	413
123	3	822
123	4	1342
123	5	871
123	6	663
123	7	876
123	8	1328
123	9	660
123	10	1218
123	11	1362
124	0	1372
124	1	822
124	2	1160
124	3	903
124	4	607
124	5	1106
124	6	555
124	7	709
124	8	1186
124	9	1280
124	10	1157
124	11	1091
125	0	1024
125	1	993
125	2	1053
125	3	1161
125	4	1044
125	5	524
125	6	487
125	7	1107
125	8	572
125	9	1368
125	10	1284
125	11	1211
126	0	457
126	1	753
126	2	1140
126	3	505
126	4	639
126	5	808
126	6	787
126	7	760
126	8	1352
126	9	1310
126	10	476
126	11	1318
127	0	878
127	1	625
127	2	489
127	3	1148
127	4	803
127	5	713
127	6	416
127	7	1364
127	8	988
127	9	842
127	10	752
127	11	1371
128	0	1099
128	1	955
128	2	959
128	3	772
128	4	1333
128	5	480
128	6	515
128	7	1098
128	8	1198
128	9	737
128	10	632
128	11	482
129	0	547
129	1	984
129	2	1259
129	3	402
129	4	839
129	5	604
129	6	711
129	7	715
129	8	539
129	9	857
129	10	760
129	11	1291
130	0	856
130	1	1154
130	2	1313
130	3	681
130	4	565
130	5	807
130	6	859
130	7	458
130	8	479
130	9	769
130	10	713
130	11	1013
131	0	1261
131	1	985
131	2	719
131	3	852
131	4	645
131	5	561
131	6	470
131	7	696
131	8	813
131	9	1129
131	10	1293
131	11	954
132	0	630
132	1	475
132	2	1229
132	3	483
132	4	671
132	5	668
132	6	971
132	7	898
132	8	502
132	9	734
132	10	1273
132	11	1059
133	0	453
133	1	1121
133	2	637
133	3	808
133	4	1218
133	5	1076
133	6	1199
133	7	451
133	8	975
133	9	1342
133	10	602
133	11	971
134	0	1361
134	1	466
134	2	1291
134	3	450
134	4	541
134	5	436
134	6	1135
134	7	748
134	8	845
134	9	1231
134	10	453
134	11	1028
135	0	917
135	1	412
135	2	574
135	3	1327
135	4	1077
135	5	804
135	6	797
135	7	1027
135	8	656
135	9	883
135	10	1224
135	11	711
136	0	405
136	1	528
136	2	1231
136	3	609
136	4	659
136	5	1385
136	6	534
136	7	570
136	8	854
136	9	1197
136	10	643
136	11	1224
137	0	1163
137	1	1133
137	2	1254
137	3	832
137	4	454
137	5	1287
137	6	534
137	7	1102
137	8	543
137	9	1274
137	10	565
137	11	1136
138	0	686
138	1	1062
138	2	1194
138	3	523
138	4	599
138	5	960
138	6	1391
138	7	543
138	8	835
138	9	1005
138	10	775
138	11	1366
139	0	1234
139	1	801
139	2	1375
139	3	1117
139	4	1287
139	5	1251
139	6	839
139	7	696
139	8	689
139	9	518
139	10	1225
139	11	1263
140	0	1051
140	1	975
140	2	1262
140	3	1385
140	4	737
140	5	870
140	6	433
140	7	946
140	8	1041
140	9	931
140	10	556
140	11	1029
141	0	498
141	1	1151
141	2	553
141	3	1184
141	4	905
141	5	557
141	6	986
141	7	659
141	8	795
141	9	844
141	10	542
141	11	416
142	0	442
142	1	1379
142	2	1057
142	3	1005
142	4	1197
142	5	1240
142	6	866
142	7	660
142	8	877
142	9	611
142	10	1233
142	11	1313
143	0	1168
143	1	1087
143	2	1355
143	3	555
143	4	547
143	5	1180
143	6	986
143	7	970
143	8	978
143	9	587
143	10	1024
143	11	690
144	0	768
144	1	591
144	2	506
144	3	440
144	4	1288
144	5	1308
144	6	1333
144	7	844
144	8	929
144	9	1340
144	10	694
144	11	1268
145	0	576
145	1	829
145	2	617
145	3	1000
145	4	1093
145	5	802
145	6	1267
145	7	1155
145	8	794
145	9	1179
145	10	642
145	11	1290
146	0	637
146	1	805
146	2	1075
146	3	1350
146	4	940
146	5	1393
146	6	527
146	7	1221
146	8	728
146	9	1310
146	10	996
146	11	879
147	0	444
147	1	745
147	2	495
147	3	836
147	4	654
147	5	898
147	6	970
147	7	1350
147	8	520
147	9	481
147	10	1175
147	11	667
148	0	1309
148	1	1017
148	2	1065
148	3	1344
148	4	912
148	5	1114
148	6	434
148	7	626
148	8	1363
148	9	1154
148	10	633
148	11	646
149	0	683
149	1	594
149	2	958
149	3	1208
149	4	892
149	5	1398
149	6	929
149	7	819
149	8	955
149	9	935
149	10	1050
149	11	619
150	0	522
150	1	1076
150	2	776
150	3	877
150	4	770
150	5	1090
150	6	1382
150	7	745
150	8	1356
150	9	1394
150	10	1133
150	11	1058
151	0	469
151	1	1164
151	2	650
151	3	1042
151	4	1230
151	5	1298
151	6	662
151	7	949
151	8	1266
151	9	1273
151	10	1385
151	11	777
152	0	1070
152	1	966
152	2	633
152	3	476
152	4	910
152	5	607
152	6	1362
152	7	1201
152	8	408
152	9	654
152	10	781
152	11	502
153	0	610
153	1	527
153	2	1352
153	3	572
153	4	1309
153	5	810
153	6	941
153	7	1043
153	8	613
153	9	755
153	10	1181
153	11	1132
154	0	1281
154	1	664
154	2	584
154	3	1356
154	4	1129
154	5	975
154	6	1316
154	7	427
154	8	922
154	9	732
154	10	577
154	11	400
155	0	471
155	1	406
155	2	459
155	3	602
155	4	1361
155	5	923
155	6	783
155	7	426
155	8	606
155	9	1178
155	10	860
155	11	536
156	0	762
156	1	1187
156	2	1342
156	3	700
156	4	505
156	5	560
156	6	1336
156	7	963
156	8	439
156	9	907
156	10	723
156	11	611
157	0	966
157	1	1368
157	2	1202
157	3	947
157	4	1359
157	5	467
157	6	910
157	7	672
157	8	807
157	9	1115
157	10	607
157	11	1343
158	0	1074
158	1	684
158	2	1312
158	3	1160
158	4	604
158	5	720
158	6	975
158	7	1122
158	8	1356
158	9	1062
158	10	1233
158	11	407
159	0	1367
159	1	839
159	2	541
159	3	692
159	4	1091
159	5	1038
159	6	1027
159	7	998
159	8	834
159	9	1149
159	10	1199
159	11	590
160	0	1192
160	1	676
160	2	1258
160	3	1364
160	4	1273
160	5	1126
160	6	1129
160	7	1177
160	8	586
160	9	500
160	10	479
160	11	544
161	0	968
161	1	1158
161	2	941
161	3	1207
161	4	548
161	5	1398
161	6	473
161	7	1104
161	8	793
161	9	1043
161	10	1285
161	11	418
162	0	925
162	1	796
162	2	1049
162	3	481
162	4	528
162	5	1201
162	6	1173
162	7	499
162	8	1032
162	9	543
162	10	755
162	11	1240
163	0	839
163	1	1156
163	2	477
163	3	1079
163	4	1254
163	5	1196
163	6	1086
163	7	1014
163	8	1078
163	9	1104
163	10	1314
163	11	615
164	0	638
164	1	646
164	2	1048
164	3	1118
164	4	1303
164	5	649
164	6	1312
164	7	1299
164	8	1016
164	9	1280
164	10	1175
164	11	1095
165	0	1197
165	1	1000
165	2	966
165	3	1374
165	4	439
165	5	1117
165	6	1341
165	7	710
165	8	777
165	9	1218
165	10	552
165	11	479
166	0	959
166	1	611
166	2	970
166	3	1118
166	4	1069
166	5	1313
166	6	1344
166	7	908
166	8	1046
166	9	1060
166	10	483
166	11	1242
167	0	1149
167	1	1261
167	2	1075
167	3	909
167	4	1165
167	5	819
167	6	1096
167	7	591
167	8	1212
167	9	1271
167	10	895
167	11	403
168	0	1319
168	1	748
168	2	1296
168	3	1034
168	4	582
168	5	844
168	6	1278
168	7	748
168	8	568
168	9	597
168	10	612
168	11	1280
169	0	827
169	1	459
169	2	608
169	3	438
169	4	830
169	5	1261
169	6	514
169	7	1068
169	8	1369
169	9	955
169	10	422
169	11	849
170	0	485
170	1	1103
170	2	545
170	3	1323
170	4	1284
170	5	900
170	6	519
170	7	426
170	8	579
170	9	781
170	10	1034
170	11	778
171	0	1164
171	1	548
171	2	419
171	3	933
171	4	648
171	5	1274
171	6	987
171	7	820
171	8	1231
171	9	1175
171	10	898
171	11	643
172	0	467
172	1	1050
172	2	992
172	3	562
172	4	1097
172	5	867
172	6	554
172	7	608
172	8	1239
172	9	555
172	10	1264
172	11	1394
173	0	834
173	1	1084
173	2	643
173	3	1366
173	4	1022
173	5	488
173	6	1142
173	7	517
173	8	1267
173	9	554
173	10	657
173	11	741
174	0	428
174	1	527
174	2	665
174	3	1222
174	4	647
174	5	1329
174	6	1350
174	7	596
174	8	875
174	9	470
174	10	1060
174	11	897
175	0	1112
175	1	1047
175	2	1211
175	3	672
175	4	923
175	5	960
175	6	1240
175	7	1044
175	8	608
175	9	745
175	10	581
175	11	894
176	0	497
176	1	1262
176	2	667
176	3	790
176	4	1159
176	5	760
176	6	905
176	7	778
176	8	1009
176	9	759
176	10	1167
176	11	644
177	0	669
177	1	558
177	2	828
177	3	801
177	4	684
177	5	1121
177	6	559
177	7	526
177	8	651
177	9	547
177	10	1124
177	11	885
178	0	608
178	1	1338
178	2	1179
178	3	1295
178	4	548
178	5	1183
178	6	659
178	7	1360
178	8	1299
178	9	1052
178	10	662
178	11	1300
179	0	558
179	1	957
179	2	885
179	3	1030
179	4	827
179	5	890
179	6	566
179	7	692
179	8	1116
179	9	1053
179	10	563
179	11	1242
180	0	766
180	1	725
180	2	698
180	3	519
180	4	459
180	5	767
180	6	711
180	7	1062
180	8	523
180	9	1073
180	10	1233
180	11	840
181	0	909
181	1	986
181	2	980
181	3	958
181	4	819
181	5	1054
181	6	971
181	7	1374
181	8	812
181	9	1305
181	10	947
181	11	602
182	0	1364
182	1	610
182	2	1336
182	3	431
182	4	1271
182	5	588
182	6	1030
182	7	681
182	8	1006
182	9	935
182	10	966
182	11	1135
183	0	1096
183	1	1053
183	2	1020
183	3	844
183	4	895
183	5	1289
183	6	977
183	7	1183
183	8	626
183	9	1185
183	10	427
183	11	1155
184	0	443
184	1	647
184	2	1270
184	3	663
184	4	1334
184	5	1045
184	6	1138
184	7	702
184	8	1112
184	9	881
184	10	463
184	11	656
185	0	1377
185	1	801
185	2	1087
185	3	1208
185	4	1327
185	5	404
185	6	1301
185	7	655
185	8	496
185	9	537
185	10	930
185	11	812
186	0	1034
186	1	471
186	2	641
186	3	1038
186	4	935
186	5	661
186	6	928
186	7	1361
186	8	700
186	9	583
186	10	1360
186	11	1099
187	0	1279
187	1	474
187	2	528
187	3	874
187	4	784
187	5	685
187	6	788
187	7	406
187	8	1379
187	9	732
187	10	1357
187	11	1034
188	0	966
188	1	1094
188	2	500
188	3	462
188	4	768
188	5	1235
188	6	593
188	7	847
188	8	670
188	9	1347
188	10	581
188	11	960
189	0	1239
189	1	804
189	2	957
189	3	850
189	4	664
189	5	425
189	6	704
189	7	1096
189	8	475
189	9	1165
189	10	777
189	11	488
190	0	774
190	1	1026
190	2	617
190	3	729
190	4	916
190	5	599
190	6	859
190	7	541
190	8	996
190	9	840
190	10	888
190	11	1367
191	0	1255
191	1	1392
191	2	1133
191	3	740
191	4	541
191	5	1011
191	6	1013
191	7	1247
191	8	1226
191	9	420
191	10	1302
191	11	939
192	0	602
192	1	1236
192	2	1217
192	3	1006
192	4	604
192	5	431
192	6	958
192	7	471
192	8	872
192	9	1181
192	10	567
192	11	704
193	0	569
193	1	834
193	2	896
193	3	582
193	4	1100
193	5	1166
193	6	1232
193	7	1188
193	8	837
193	9	1072
193	10	590
193	11	1053
194	0	1227
194	1	1299
194	2	985
194	3	1073
194	4	1238
194	5	888
194	6	1065
194	7	403
194	8	872
194	9	517
194	10	1307
194	11	824
195	0	635
195	1	1051
195	2	630
195	3	1296
195	4	1223
195	5	1204
195	6	676
195	7	702
195	8	1347
195	9	1364
195	10	1188
195	11	1027
196	0	601
196	1	1348
196	2	905
196	3	583
196	4	488
196	5	1010
196	6	1120
196	7	1227
196	8	1242
196	9	418
196	10	610
196	11	886
197	0	890
197	1	566
197	2	928
197	3	1155
197	4	1075
197	5	1395
197	6	1166
197	7	1138
197	8	501
197	9	1238
197	10	1154
197	11	1214
198	0	541
198	1	670
198	2	748
198	3	907
198	4	435
198	5	1143
198	6	1255
198	7	560
198	8	729
198	9	726
198	10	1301
198	11	1126
199	0	1085
199	1	701
199	2	436
199	3	944
199	4	1366
199	5	816
199	6	536
199	7	1047
199	8	937
199	9	450
199	10	657
199	11	1164
200	0	453
200	1	1063
200	2	1308
200	3	1339
200	4	1031
200	5	856
200	6	1272
200	7	742
200	8	571
200	9	683
200	10	962
200	11	1078
201	0	1188
201	1	936
201	2	1047
201	3	728
201	4	1149
201	5	1266
201	6	502
201	7	635
201	8	455
201	9	747
201	10	510
201	11	740
202	0	1236
202	1	1313
202	2	683
202	3	719
202	4	1392
202	5	1079
202	6	861
202	7	629
202	8	540
202	9	467
202	10	1362
202	11	1070
203	0	1131
203	1	893
203	2	921
203	3	1397
203	4	798
203	5	1124
203	6	719
203	7	569
203	8	1370
203	9	1346
203	10	837
203	11	1240
204	0	737
204	1	1377
204	2	1192
204	3	755
204	4	692
204	5	452
204	6	515
204	7	860
204	8	1178
204	9	476
204	10	1212
204	11	1013
205	0	894
205	1	695
205	2	1004
205	3	404
205	4	1058
205	5	1245
205	6	1106
205	7	934
205	8	1218
205	9	1179
205	10	1309
205	11	680
206	0	413
206	1	1152
206	2	750
206	3	597
206	4	649
206	5	1105
206	6	1346
206	7	512
206	8	601
206	9	975
206	10	821
206	11	785
207	0	701
207	1	664
207	2	1024
207	3	1371
207	4	1298
207	5	1244
207	6	759
207	7	1379
207	8	1327
207	9	649
207	10	663
207	11	668
208	0	1069
208	1	914
208	2	767
208	3	445
208	4	891
208	5	1356
208	6	1234
208	7	1317
208	8	523
208	9	954
208	10	462
208	11	754
209	0	1343
209	1	597
209	2	1129
209	3	466
209	4	1357
209	5	790
209	6	1020
209	7	756
209	8	1014
209	9	874
209	10	452
209	11	525
210	0	820
210	1	803
210	2	906
210	3	1245
210	4	689
210	5	1057
210	6	1033
210	7	850
210	8	1376
210	9	1313
210	10	549
210	11	1233
211	0	875
211	1	1100
211	2	657
211	3	735
211	4	611
211	5	749
211	6	548
211	7	776
211	8	409
211	9	647
211	10	1214
211	11	581
212	0	654
212	1	938
212	2	1270
212	3	760
212	4	838
212	5	559
212	6	760
212	7	1364
212	8	666
212	9	716
212	10	917
212	11	909
213	0	1208
213	1	709
213	2	690
213	3	799
213	4	1168
213	5	1287
213	6	433
213	7	500
213	8	1188
213	9	586
213	10	520
213	11	807
214	0	1252
214	1	1036
214	2	834
214	3	560
214	4	687
214	5	550
214	6	978
214	7	1184
214	8	949
214	9	729
214	10	811
214	11	534
215	0	1366
215	1	774
215	2	1393
215	3	585
215	4	1301
215	5	1295
215	6	706
215	7	683
215	8	711
215	9	1225
215	10	599
215	11	1211
216	0	923
216	1	626
216	2	1213
216	3	721
216	4	584
216	5	1212
216	6	823
216	7	832
216	8	1071
216	9	1095
216	10	1382
216	11	431
217	0	1396
217	1	1353
217	2	1285
217	3	1006
217	4	527
217	5	731
217	6	811
217	7	1281
217	8	1327
217	9	1001
217	10	481
217	11	646
218	0	816
218	1	1227
218	2	1074
218	3	1284
218	4	1242
218	5	464
218	6	1369
218	7	1299
218	8	556
218	9	1254
218	10	784
218	11	600
219	0	1224
219	1	566
219	2	938
219	3	770
219	4	958
219	5	742
219	6	847
219	7	656
219	8	875
219	9	1389
219	10	871
219	11	973
220	0	782
220	1	1084
220	2	780
220	3	758
220	4	800
220	5	1241
220	6	1285
220	7	1132
220	8	1264
220	9	453
220	10	1178
220	11	472
221	0	932
221	1	1179
221	2	770
221	3	715
221	4	818
221	5	671
221	6	688
221	7	1276
221	8	612
221	9	648
221	10	1188
221	11	730
222	0	527
222	1	1325
222	2	1074
222	3	1215
222	4	573
222	5	1059
222	6	975
222	7	1258
222	8	736
222	9	1067
222	10	1235
222	11	595
223	0	1260
223	1	1359
223	2	892
223	3	1361
223	4	1249
223	5	1292
223	6	1264
223	7	948
223	8	1115
223	9	924
223	10	481
223	11	727
224	0	946
224	1	635
224	2	896
224	3	770
224	4	774
224	5	1338
224	6	662
224	7	703
224	8	831
224	9	976
224	10	953
224	11	811
225	0	1301
225	1	862
225	2	1223
225	3	577
225	4	817
225	5	905
225	6	617
225	7	886
225	8	890
225	9	679
225	10	1163
225	11	1244
226	0	763
226	1	818
226	2	643
226	3	489
226	4	696
226	5	1216
226	6	1110
226	7	636
226	8	564
226	9	1105
226	10	857
226	11	700
227	0	691
227	1	1117
227	2	1288
227	3	551
227	4	1321
227	5	1116
227	6	522
227	7	1145
227	8	715
227	9	681
227	10	764
227	11	738
228	0	880
228	1	837
228	2	450
228	3	1007
228	4	1137
228	5	831
228	6	925
228	7	1398
228	8	1269
228	9	482
228	10	919
228	11	1343
229	0	772
229	1	935
229	2	442
229	3	455
229	4	829
229	5	429
229	6	779
229	7	1224
229	8	974
229	9	1035
229	10	1158
229	11	1235
230	0	1060
230	1	1200
230	2	1321
230	3	425
230	4	1066
230	5	1310
230	6	651
230	7	436
230	8	485
230	9	429
230	10	764
230	11	701
231	0	513
231	1	842
231	2	423
231	3	506
231	4	1045
231	5	996
231	6	464
231	7	873
231	8	495
231	9	987
231	10	956
231	11	827
232	0	833
232	1	780
232	2	1176
232	3	1252
232	4	801
232	5	931
232	6	1094
232	7	1311
232	8	1185
232	9	723
232	10	988
232	11	1138
233	0	1192
233	1	1242
233	2	478
233	3	1305
233	4	419
233	5	1136
233	6	755
233	7	408
233	8	655
233	9	482
233	10	1014
233	11	925
234	0	764
234	1	450
234	2	1150
234	3	443
234	4	1197
234	5	1209
234	6	582
234	7	1200
234	8	1253
234	9	849
234	10	656
234	11	896
235	0	1093
235	1	907
235	2	472
235	3	655
235	4	615
235	5	467
235	6	1120
235	7	1061
235	8	757
235	9	696
235	10	1261
235	11	1215
236	0	471
236	1	1115
236	2	702
236	3	839
236	4	628
236	5	861
236	6	1112
236	7	550
236	8	1336
236	9	695
236	10	1323
236	11	563
237	0	751
237	1	524
237	2	706
237	3	1250
237	4	1246
237	5	777
237	6	959
237	7	1177
237	8	949
237	9	1040
237	10	1293
237	11	456
238	0	1021
238	1	1007
238	2	1369
238	3	535
238	4	749
238	5	905
238	6	572
238	7	817
238	8	457
238	9	1291
238	10	1128
238	11	811
239	0	481
239	1	1268
239	2	1384
239	3	920
239	4	990
239	5	963
239	6	1032
239	7	1280
239	8	1196
239	9	1355
239	10	432
239	11	554
240	0	605
240	1	1351
240	2	1249
240	3	975
240	4	1322
240	5	1360
240	6	504
240	7	444
240	8	1028
240	9	455
240	10	801
240	11	976
241	0	1223
241	1	642
241	2	924
241	3	1341
241	4	494
241	5	671
241	6	1223
241	7	1322
241	8	1056
241	9	1275
241	10	1200
241	11	582
242	0	617
242	1	751
242	2	504
242	3	820
242	4	599
242	5	1273
242	6	1091
242	7	510
242	8	1153
242	9	436
242	10	654
242	11	1238
243	0	953
243	1	1061
243	2	570
243	3	1385
243	4	685
243	5	467
243	6	490
243	7	641
243	8	1291
243	9	1007
243	10	406
243	11	650
244	0	523
244	1	902
244	2	501
244	3	880
244	4	1039
244	5	1072
244	6	1326
244	7	699
244	8	1350
244	9	936
244	10	878
244	11	480
245	0	1177
245	1	912
245	2	998
245	3	515
245	4	1393
245	5	667
245	6	1055
245	7	432
245	8	551
245	9	980
245	10	1295
245	11	806
246	0	1172
246	1	492
246	2	1378
246	3	650
246	4	1367
246	5	456
246	6	562
246	7	528
246	8	1088
246	9	1090
246	10	721
246	11	1087
247	0	1268
247	1	1068
247	2	870
247	3	913
247	4	407
247	5	1162
247	6	1174
247	7	767
247	8	666
247	9	1124
247	10	463
247	11	1383
248	0	412
248	1	1386
248	2	1128
248	3	1248
248	4	1223
248	5	1309
248	6	892
248	7	989
248	8	765
248	9	1273
248	10	1374
248	11	1248
249	0	660
249	1	1085
249	2	531
249	3	1238
249	4	1353
249	5	863
249	6	1047
249	7	460
249	8	1289
249	9	733
249	10	481
249	11	452
250	0	1174
250	1	460
250	2	527
250	3	793
250	4	934
250	5	1382
250	6	1049
250	7	1020
250	8	1026
250	9	833
250	10	632
250	11	554
251	0	1153
251	1	570
251	2	1305
251	3	1200
251	4	1046
251	5	595
251	6	708
251	7	1324
251	8	917
251	9	1163
251	10	427
251	11	1312
252	0	1384
252	1	680
252	2	468
252	3	519
252	4	1159
252	5	693
252	6	793
252	7	492
252	8	545
252	9	1122
252	10	663
252	11	913
253	0	855
253	1	444
253	2	1077
253	3	1349
253	4	1178
253	5	581
253	6	948
253	7	600
253	8	537
253	9	831
253	10	783
253	11	1178
254	0	1365
254	1	1293
254	2	531
254	3	1173
254	4	416
254	5	911
254	6	971
254	7	603
254	8	669
254	9	1399
254	10	457
254	11	1110
255	0	506
255	1	1077
255	2	1122
255	3	770
255	4	505
255	5	833
255	6	624
255	7	622
255	8	423
255	9	1255
255	10	1392
255	11	476
256	0	594
256	1	1226
256	2	875
256	3	473
256	4	761
256	5	1177
256	6	697
256	7	869
256	8	553
256	9	496
256	10	773
256	11	521
257	0	1212
257	1	539
257	2	1380
257	3	581
257	4	892
257	5	1090
257	6	894
257	7	985
257	8	832
257	9	1107
257	10	413
257	11	438
258	0	970
258	1	1044
258	2	748
258	3	690
258	4	1123
258	5	1107
258	6	1365
258	7	1122
258	8	676
258	9	1325
258	10	661
258	11	799
259	0	831
259	1	432
259	2	612
259	3	413
259	4	883
259	5	1131
259	6	1237
259	7	784
259	8	624
259	9	522
259	10	497
259	11	881
260	0	961
260	1	1097
260	2	1224
260	3	633
260	4	1068
260	5	950
260	6	434
260	7	1179
260	8	874
260	9	597
260	10	896
260	11	558
261	0	549
261	1	1045
261	2	1158
261	3	1289
261	4	653
261	5	588
261	6	1302
261	7	700
261	8	1054
261	9	1125
261	10	613
261	11	1376
262	0	1283
262	1	674
262	2	961
262	3	589
262	4	983
262	5	1140
262	6	1177
262	7	1104
262	8	1280
262	9	1350
262	10	874
262	11	1359
263	0	1381
263	1	804
263	2	1225
263	3	566
263	4	504
263	5	601
263	6	931
263	7	979
263	8	1267
263	9	526
263	10	1227
263	11	1185
264	0	985
264	1	1309
264	2	1076
264	3	994
264	4	972
264	5	713
264	6	869
264	7	1239
264	8	796
264	9	1151
264	10	814
264	11	536
265	0	627
265	1	1253
265	2	918
265	3	861
265	4	1272
265	5	934
265	6	921
265	7	610
265	8	1229
265	9	1249
265	10	794
265	11	671
266	0	1088
266	1	561
266	2	442
266	3	909
266	4	942
266	5	1322
266	6	1083
266	7	1398
266	8	1004
266	9	1063
266	10	1334
266	11	654
267	0	537
267	1	1047
267	2	461
267	3	1130
267	4	1295
267	5	1387
267	6	1350
267	7	1220
267	8	1136
267	9	1336
267	10	748
267	11	1069
268	0	1157
268	1	896
268	2	1003
268	3	558
268	4	668
268	5	840
268	6	1060
268	7	926
268	8	632
268	9	751
268	10	724
268	11	648
269	0	699
269	1	683
269	2	1302
269	3	1316
269	4	822
269	5	638
269	6	544
269	7	507
269	8	546
269	9	1097
269	10	449
269	11	812
270	0	440
270	1	511
270	2	912
270	3	496
270	4	835
270	5	763
270	6	1355
270	7	508
270	8	973
270	9	1312
270	10	487
270	11	926
271	0	906
271	1	951
271	2	1054
271	3	1233
271	4	1006
271	5	839
271	6	1006
271	7	1231
271	8	744
271	9	740
271	10	784
271	11	804
272	0	474
272	1	1226
272	2	575
272	3	1193
272	4	1320
272	5	915
272	6	1195
272	7	919
272	8	895
272	9	704
272	10	984
272	11	992
273	0	528
273	1	1338
273	2	476
273	3	607
273	4	853
273	5	601
273	6	881
273	7	1071
273	8	1110
273	9	872
273	10	1363
273	11	1328
274	0	1282
274	1	768
274	2	926
274	3	1074
274	4	1231
274	5	1164
274	6	1259
274	7	1122
274	8	1321
274	9	863
274	10	1242
274	11	1366
275	0	634
275	1	862
275	2	934
275	3	437
275	4	788
275	5	1198
275	6	791
275	7	881
275	8	500
275	9	1074
275	10	526
275	11	502
276	0	548
276	1	1088
276	2	504
276	3	1308
276	4	459
276	5	1148
276	6	825
276	7	1383
276	8	1321
276	9	877
276	10	1262
276	11	860
277	0	1384
277	1	1071
277	2	1048
277	3	1102
277	4	697
277	5	1114
277	6	1093
277	7	1149
277	8	900
277	9	1071
277	10	594
277	11	444
278	0	421
278	1	534
278	2	1157
278	3	894
278	4	754
278	5	1232
278	6	483
278	7	1326
278	8	1202
278	9	813
278	10	1394
278	11	492
279	0	454
279	1	1183
279	2	477
279	3	876
279	4	608
279	5	1279
279	6	907
279	7	684
279	8	858
279	9	1183
279	10	1071
279	11	570
280	0	812
280	1	1015
280	2	451
280	3	837
280	4	596
280	5	1172
280	6	870
280	7	1092
280	8	1236
280	9	1054
280	10	602
280	11	587
281	0	504
281	1	596
281	2	1025
281	3	764
281	4	1376
281	5	603
281	6	480
281	7	849
281	8	470
281	9	1074
281	10	750
281	11	694
282	0	1343
282	1	487
282	2	1098
282	3	443
282	4	1364
282	5	1232
282	6	1107
282	7	1015
282	8	897
282	9	1259
282	10	702
282	11	853
283	0	946
283	1	1260
283	2	543
283	3	846
283	4	1022
283	5	660
283	6	697
283	7	859
283	8	922
283	9	1011
283	10	908
283	11	844
284	0	1323
284	1	1377
284	2	992
284	3	1050
284	4	563
284	5	716
284	6	920
284	7	499
284	8	773
284	9	1288
284	10	890
284	11	479
285	0	534
285	1	620
285	2	1301
285	3	519
285	4	607
285	5	634
285	6	839
285	7	952
285	8	852
285	9	1111
285	10	1053
285	11	964
286	0	1381
286	1	809
286	2	667
286	3	717
286	4	1131
286	5	1161
286	6	604
286	7	990
286	8	510
286	9	716
286	10	1130
286	11	546
287	0	527
287	1	1140
287	2	796
287	3	1332
287	4	782
287	5	875
287	6	890
287	7	470
287	8	1039
287	9	1324
287	10	923
287	11	921
288	0	667
288	1	715
288	2	1246
288	3	673
288	4	1074
288	5	659
288	6	1318
288	7	1239
288	8	439
288	9	768
288	10	1242
288	11	1295
289	0	443
289	1	604
289	2	1186
289	3	1317
289	4	1397
289	5	673
289	6	976
289	7	1141
289	8	1197
289	9	1108
289	10	672
289	11	481
290	0	726
290	1	1213
290	2	1229
290	3	570
290	4	959
290	5	1052
290	6	1378
290	7	1249
290	8	777
290	9	799
290	10	744
290	11	1045
291	0	661
291	1	709
291	2	808
291	3	979
291	4	806
291	5	1112
291	6	761
291	7	1117
291	8	857
291	9	1053
291	10	457
291	11	1180
292	0	459
292	1	837
292	2	659
292	3	826
292	4	1005
292	5	962
292	6	524
292	7	585
292	8	523
292	9	676
292	10	791
292	11	803
293	0	1397
293	1	654
293	2	465
293	3	1385
293	4	753
293	5	1096
293	6	875
293	7	540
293	8	633
293	9	911
293	10	864
293	11	1244
294	0	789
294	1	479
294	2	524
294	3	616
294	4	802
294	5	909
294	6	1336
294	7	972
294	8	457
294	9	645
294	10	772
294	11	857
295	0	789
295	1	714
295	2	452
295	3	996
295	4	986
295	5	914
295	6	692
295	7	705
295	8	1355
295	9	777
295	10	885
295	11	995
296	0	936
296	1	1163
296	2	450
296	3	1279
296	4	908
296	5	978
296	6	1271
296	7	1332
296	8	856
296	9	565
296	10	1395
296	11	902
297	0	1128
297	1	1041
297	2	495
297	3	1171
297	4	968
297	5	951
297	6	1038
297	7	1082
297	8	845
297	9	1394
297	10	1380
297	11	1392
298	0	412
298	1	984
298	2	1007
298	3	1212
298	4	842
298	5	773
298	6	997
298	7	694
298	8	833
298	9	600
298	10	1330
298	11	482
299	0	485
299	1	1154
299	2	1077
299	3	515
299	4	1343
299	5	1382
299	6	652
299	7	775
299	8	1349
299	9	823
299	10	1237
299	11	639
300	0	1158
300	1	832
300	2	1221
300	3	522
300	4	1233
300	5	644
300	6	1000
300	7	634
300	8	422
300	9	725
300	10	745
300	11	804
301	0	1251
301	1	855
301	2	834
301	3	476
301	4	1021
301	5	981
301	6	474
301	7	1178
301	8	877
301	9	938
301	10	669
301	11	1021
302	0	422
302	1	751
302	2	1095
302	3	994
302	4	1139
302	5	409
302	6	634
302	7	1169
302	8	804
302	9	657
302	10	1294
302	11	1199
303	0	1336
303	1	562
303	2	971
303	3	877
303	4	1039
303	5	1382
303	6	1080
303	7	899
303	8	972
303	9	505
303	10	1353
303	11	1383
304	0	1298
304	1	1047
304	2	1223
304	3	1155
304	4	787
304	5	1051
304	6	1087
304	7	1273
304	8	1309
304	9	1061
304	10	1390
304	11	792
305	0	1073
305	1	1273
305	2	910
305	3	1282
305	4	569
305	5	1398
305	6	852
305	7	1217
305	8	662
305	9	795
305	10	1361
305	11	934
306	0	1036
306	1	485
306	2	828
306	3	489
306	4	1262
306	5	1132
306	6	952
306	7	428
306	8	1075
306	9	1142
306	10	844
306	11	1162
307	0	1040
307	1	656
307	2	603
307	3	1374
307	4	724
307	5	1264
307	6	682
307	7	646
307	8	619
307	9	987
307	10	1072
307	11	1277
308	0	530
308	1	1195
308	2	780
308	3	1089
308	4	900
308	5	888
308	6	1347
308	7	881
308	8	513
308	9	974
308	10	1171
308	11	1036
309	0	1365
309	1	978
309	2	1221
309	3	770
309	4	1035
309	5	904
309	6	1318
309	7	1371
309	8	767
309	9	827
309	10	536
309	11	840
310	0	611
310	1	1131
310	2	440
310	3	1290
310	4	1385
310	5	1251
310	6	800
310	7	527
310	8	948
310	9	1167
310	10	1167
310	11	1318
311	0	1229
311	1	876
311	2	1160
311	3	919
311	4	742
311	5	572
311	6	639
311	7	614
311	8	874
311	9	1275
311	10	958
311	11	1134
312	0	1024
312	1	1201
312	2	1381
312	3	1073
312	4	833
312	5	1270
312	6	1328
312	7	587
312	8	1090
312	9	746
312	10	559
312	11	981
313	0	610
313	1	1182
313	2	573
313	3	1029
313	4	1294
313	5	479
313	6	468
313	7	1222
313	8	868
313	9	1128
313	10	1283
313	11	488
314	0	1249
314	1	416
314	2	1336
314	3	1294
314	4	1357
314	5	655
314	6	423
314	7	486
314	8	1208
314	9	1322
314	10	813
314	11	636
315	0	515
315	1	1292
315	2	862
315	3	1165
315	4	676
315	5	1266
315	6	721
315	7	1020
315	8	904
315	9	840
315	10	1058
315	11	1199
316	0	524
316	1	652
316	2	923
316	3	1021
316	4	888
316	5	446
316	6	892
316	7	623
316	8	1151
316	9	928
316	10	417
316	11	796
317	0	1219
317	1	803
317	2	849
317	3	956
317	4	464
317	5	411
317	6	980
317	7	708
317	8	439
317	9	1023
317	10	1034
317	11	1246
318	0	736
318	1	913
318	2	986
318	3	515
318	4	1247
318	5	1012
318	6	744
318	7	921
318	8	604
318	9	1128
318	10	1221
318	11	1156
319	0	1262
319	1	402
319	2	560
319	3	564
319	4	745
319	5	947
319	6	815
319	7	1372
319	8	825
319	9	1366
319	10	1200
319	11	1007
320	0	1037
320	1	1161
320	2	622
320	3	674
320	4	756
320	5	881
320	6	578
320	7	1358
320	8	1207
320	9	1232
320	10	654
320	11	1398
321	0	1230
321	1	1247
321	2	821
321	3	847
321	4	1280
321	5	1085
321	6	412
321	7	877
321	8	1177
321	9	942
321	10	1196
321	11	621
322	0	1346
322	1	1099
322	2	1220
322	3	952
322	4	862
322	5	1114
322	6	1178
322	7	864
322	8	436
322	9	750
322	10	893
322	11	1354
323	0	572
323	1	1296
323	2	1130
323	3	868
323	4	552
323	5	587
323	6	1363
323	7	694
323	8	545
323	9	1134
323	10	1320
323	11	941
324	0	1111
324	1	496
324	2	1079
324	3	1067
324	4	582
324	5	1222
324	6	1246
324	7	1281
324	8	1368
324	9	424
324	10	1305
324	11	532
325	0	965
325	1	1341
325	2	486
325	3	1183
325	4	583
325	5	1028
325	6	653
325	7	964
325	8	633
325	9	678
325	10	555
325	11	1221
326	0	973
326	1	917
326	2	441
326	3	1034
326	4	733
326	5	837
326	6	493
326	7	1281
326	8	733
326	9	449
326	10	743
326	11	1323
327	0	999
327	1	710
327	2	1138
327	3	568
327	4	669
327	5	1257
327	6	1207
327	7	820
327	8	579
327	9	524
327	10	1333
327	11	973
328	0	1214
328	1	958
328	2	1006
328	3	1314
328	4	1251
328	5	636
328	6	519
328	7	424
328	8	876
328	9	731
328	10	513
328	11	424
329	0	1174
329	1	876
329	2	447
329	3	1102
329	4	1392
329	5	704
329	6	538
329	7	1284
329	8	578
329	9	525
329	10	978
329	11	654
330	0	1130
330	1	1347
330	2	1249
330	3	1125
330	4	1079
330	5	1235
330	6	1196
330	7	771
330	8	526
330	9	1303
330	10	1093
330	11	1266
331	0	491
331	1	451
331	2	1305
331	3	780
331	4	581
331	5	1364
331	6	1347
331	7	1261
331	8	1329
331	9	1160
331	10	1028
331	11	1099
332	0	714
332	1	512
332	2	1121
332	3	1211
332	4	402
332	5	1037
332	6	495
332	7	720
332	8	499
332	9	1238
332	10	921
332	11	500
333	0	1139
333	1	1292
333	2	826
333	3	1066
333	4	1080
333	5	565
333	6	1126
333	7	439
333	8	591
333	9	790
333	10	888
333	11	875
334	0	1284
334	1	475
334	2	963
334	3	600
334	4	1240
334	5	1269
334	6	957
334	7	971
334	8	730
334	9	673
334	10	836
334	11	817
335	0	1041
335	1	707
335	2	1242
335	3	1066
335	4	474
335	5	893
335	6	1110
335	7	1130
335	8	1350
335	9	1168
335	10	507
335	11	968
336	0	948
336	1	1174
336	2	687
336	3	1159
336	4	655
336	5	682
336	6	1256
336	7	814
336	8	1266
336	9	799
336	10	980
336	11	670
337	0	1265
337	1	986
337	2	1209
337	3	1220
337	4	1153
337	5	854
337	6	1131
337	7	1344
337	8	1360
337	9	1184
337	10	1034
337	11	472
338	0	1037
338	1	571
338	2	570
338	3	979
338	4	1086
338	5	651
338	6	566
338	7	1134
338	8	1111
338	9	923
338	10	1258
338	11	664
339	0	576
339	1	733
339	2	981
339	3	704
339	4	1363
339	5	1150
339	6	1223
339	7	641
339	8	1074
339	9	1078
339	10	654
339	11	1201
340	0	897
340	1	1151
340	2	1226
340	3	891
340	4	575
340	5	650
340	6	654
340	7	807
340	8	1050
340	9	950
340	10	658
340	11	678
341	0	627
341	1	749
341	2	1132
341	3	938
341	4	1112
341	5	664
341	6	1020
341	7	563
341	8	1216
341	9	599
341	10	1041
341	11	1390
342	0	667
342	1	667
342	2	572
342	3	641
342	4	895
342	5	1333
342	6	932
342	7	417
342	8	856
342	9	902
342	10	1020
342	11	1000
343	0	556
343	1	414
343	2	792
343	3	890
343	4	1082
343	5	508
343	6	1305
343	7	667
343	8	520
343	9	845
343	10	1144
343	11	899
344	0	954
344	1	1237
344	2	886
344	3	534
344	4	843
344	5	704
344	6	887
344	7	442
344	8	498
344	9	1321
344	10	1069
344	11	1019
345	0	1004
345	1	834
345	2	594
345	3	1066
345	4	930
345	5	749
345	6	1264
345	7	475
345	8	1386
345	9	756
345	10	1244
345	11	599
346	0	503
346	1	1144
346	2	1248
346	3	587
346	4	1205
346	5	1110
346	6	610
346	7	1347
346	8	1247
346	9	666
346	10	798
346	11	1281
347	0	805
347	1	1209
347	2	772
347	3	1390
347	4	610
347	5	659
347	6	1264
347	7	869
347	8	469
347	9	501
347	10	483
347	11	844
348	0	1291
348	1	957
348	2	972
348	3	469
348	4	1163
348	5	1023
348	6	1360
348	7	1235
348	8	815
348	9	1057
348	10	506
348	11	923
349	0	878
349	1	1154
349	2	1116
349	3	1352
349	4	612
349	5	595
349	6	1259
349	7	737
349	8	466
349	9	1233
349	10	1315
349	11	1206
350	0	652
350	1	813
350	2	825
350	3	790
350	4	1142
350	5	864
350	6	1367
350	7	986
350	8	918
350	9	971
350	10	1088
350	11	812
351	0	1058
351	1	976
351	2	736
351	3	1129
351	4	1247
351	5	872
351	6	1104
351	7	892
351	8	609
351	9	939
351	10	583
351	11	892
352	0	1326
352	1	974
352	2	1130
352	3	520
352	4	1381
352	5	1323
352	6	1327
352	7	1044
352	8	886
352	9	745
352	10	1383
352	11	904
353	0	906
353	1	1102
353	2	825
353	3	570
353	4	1364
353	5	1231
353	6	1398
353	7	584
353	8	622
353	9	1377
353	10	1163
353	11	503
354	0	582
354	1	1014
354	2	1058
354	3	590
354	4	713
354	5	930
354	6	1280
354	7	1280
354	8	1225
354	9	1002
354	10	666
354	11	636
355	0	733
355	1	1173
355	2	881
355	3	1224
355	4	1144
355	5	749
355	6	642
355	7	1125
355	8	1163
355	9	1322
355	10	1377
355	11	1061
356	0	782
356	1	1241
356	2	699
356	3	954
356	4	1337
356	5	844
356	6	825
356	7	582
356	8	1252
356	9	1335
356	10	596
356	11	1377
357	0	1369
357	1	508
357	2	1078
357	3	833
357	4	850
357	5	1312
357	6	808
357	7	430
357	8	1008
357	9	594
357	10	630
357	11	464
358	0	1040
358	1	1205
358	2	724
358	3	673
358	4	582
358	5	1091
358	6	873
358	7	1110
358	8	1203
358	9	873
358	10	1211
358	11	1250
359	0	428
359	1	937
359	2	741
359	3	951
359	4	672
359	5	991
359	6	638
359	7	525
359	8	481
359	9	624
359	10	961
359	11	799
360	0	848
360	1	411
360	2	722
360	3	798
360	4	930
360	5	733
360	6	1384
360	7	1370
360	8	434
360	9	576
360	10	780
360	11	843
361	0	1088
361	1	1221
361	2	1123
361	3	604
361	4	1054
361	5	940
361	6	1244
361	7	1292
361	8	912
361	9	507
361	10	466
361	11	1170
362	0	823
362	1	566
362	2	524
362	3	1106
362	4	807
362	5	706
362	6	786
362	7	526
362	8	625
362	9	1366
362	10	589
362	11	632
363	0	638
363	1	546
363	2	927
363	3	1169
363	4	1143
363	5	662
363	6	834
363	7	1018
363	8	1107
363	9	797
363	10	781
363	11	958
364	0	939
364	1	1003
364	2	1110
364	3	974
364	4	909
364	5	1291
364	6	1031
364	7	629
364	8	1099
364	9	450
364	10	992
364	11	1132
365	0	1317
365	1	820
365	2	1290
365	3	885
365	4	1237
365	5	749
365	6	647
365	7	530
365	8	1120
365	9	510
365	10	1092
365	11	695
366	0	903
366	1	1098
366	2	892
366	3	941
366	4	1061
366	5	465
366	6	482
366	7	670
366	8	660
366	9	435
366	10	1293
366	11	1086
367	0	1194
367	1	755
367	2	1148
367	3	664
367	4	1381
367	5	463
367	6	402
367	7	952
367	8	818
367	9	1072
367	10	1348
367	11	949
368	0	548
368	1	818
368	2	477
368	3	747
368	4	892
368	5	603
368	6	1077
368	7	623
368	8	580
368	9	1108
368	10	1290
368	11	1226
369	0	1108
369	1	956
369	2	1220
369	3	1114
369	4	489
369	5	741
369	6	860
369	7	401
369	8	1006
369	9	1189
369	10	648
369	11	913
370	0	1385
370	1	733
370	2	1218
370	3	890
370	4	817
370	5	1267
370	6	485
370	7	906
370	8	624
370	9	958
370	10	548
370	11	404
371	0	929
371	1	516
371	2	1021
371	3	956
371	4	634
371	5	506
371	6	1300
371	7	1127
371	8	1137
371	9	879
371	10	988
371	11	590
372	0	700
372	1	1111
372	2	1126
372	3	997
372	4	1101
372	5	1054
372	6	1181
372	7	927
372	8	1243
372	9	820
372	10	733
372	11	1134
373	0	646
373	1	820
373	2	632
373	3	1240
373	4	1385
373	5	1371
373	6	1003
373	7	934
373	8	843
373	9	1125
373	10	823
373	11	762
374	0	828
374	1	944
374	2	982
374	3	556
374	4	1011
374	5	741
374	6	659
374	7	619
374	8	1334
374	9	1241
374	10	573
374	11	841
375	0	1058
375	1	572
375	2	1164
375	3	1032
375	4	1341
375	5	1094
375	6	1046
375	7	886
375	8	822
375	9	908
375	10	1135
375	11	1150
376	0	504
376	1	1015
376	2	700
376	3	793
376	4	1319
376	5	1212
376	6	1214
376	7	1152
376	8	1194
376	9	413
376	10	1282
376	11	1347
377	0	1058
377	1	1240
377	2	1117
377	3	496
377	4	1231
377	5	1397
377	6	1010
377	7	617
377	8	836
377	9	576
377	10	974
377	11	440
378	0	406
378	1	1359
378	2	1294
378	3	742
378	4	672
378	5	879
378	6	1016
378	7	1224
378	8	555
378	9	788
378	10	505
378	11	412
379	0	793
379	1	433
379	2	1080
379	3	526
379	4	1239
379	5	1001
379	6	1393
379	7	775
379	8	818
379	9	792
379	10	647
379	11	1083
380	0	1301
380	1	723
380	2	992
380	3	803
380	4	578
380	5	601
380	6	1394
380	7	606
380	8	845
380	9	730
380	10	1122
380	11	1346
381	0	1197
381	1	911
381	2	479
381	3	1362
381	4	414
381	5	973
381	6	827
381	7	401
381	8	1379
381	9	540
381	10	1029
381	11	1049
382	0	414
382	1	882
382	2	1348
382	3	1321
382	4	1034
382	5	1312
382	6	564
382	7	860
382	8	1049
382	9	808
382	10	481
382	11	1003
383	0	668
383	1	1232
383	2	1315
383	3	842
383	4	1328
383	5	760
383	6	418
383	7	1272
383	8	1191
383	9	917
383	10	670
383	11	946
384	0	909
384	1	918
384	2	413
384	3	1001
384	4	1057
384	5	847
384	6	1215
384	7	1392
384	8	819
384	9	579
384	10	882
384	11	689
385	0	895
385	1	1249
385	2	1097
385	3	1220
385	4	1347
385	5	498
385	6	767
385	7	524
385	8	1038
385	9	694
385	10	674
385	11	1173
386	0	628
386	1	813
386	2	1285
386	3	1169
386	4	611
386	5	704
386	6	686
386	7	1269
386	8	715
386	9	985
386	10	1384
386	11	792
387	0	1098
387	1	953
387	2	411
387	3	715
387	4	1171
387	5	457
387	6	525
387	7	1072
387	8	530
387	9	869
387	10	525
387	11	1021
388	0	464
388	1	964
388	2	627
388	3	1206
388	4	718
388	5	701
388	6	656
388	7	451
388	8	707
388	9	693
388	10	1273
388	11	1155
389	0	1194
389	1	1377
389	2	835
389	3	1200
389	4	510
389	5	729
389	6	528
389	7	645
389	8	746
389	9	712
389	10	1326
389	11	903
390	0	1011
390	1	476
390	2	964
390	3	671
390	4	748
390	5	785
390	6	560
390	7	1377
390	8	1337
390	9	1008
390	10	744
390	11	501
391	0	650
391	1	550
391	2	1140
391	3	717
391	4	1051
391	5	519
391	6	853
391	7	453
391	8	1323
391	9	1000
391	10	1141
391	11	1115
392	0	1370
392	1	1342
392	2	838
392	3	926
392	4	1151
392	5	447
392	6	1181
392	7	1051
392	8	1169
392	9	1195
392	10	637
392	11	458
393	0	1038
393	1	737
393	2	981
393	3	716
393	4	1092
393	5	631
393	6	1368
393	7	803
393	8	735
393	9	463
393	10	1393
393	11	805
394	0	1263
394	1	850
394	2	1146
394	3	1289
394	4	1149
394	5	503
394	6	1107
394	7	1063
394	8	419
394	9	1338
394	10	1302
394	11	949
395	0	545
395	1	430
395	2	526
395	3	1200
395	4	476
395	5	1019
395	6	592
395	7	1195
395	8	806
395	9	631
395	10	516
395	11	1066
396	0	825
396	1	848
396	2	1237
396	3	1025
396	4	1147
396	5	1186
396	6	1016
396	7	1208
396	8	890
396	9	1061
396	10	900
396	11	1030
397	0	957
397	1	836
397	2	721
397	3	1193
397	4	729
397	5	496
397	6	947
397	7	684
397	8	678
397	9	592
397	10	1314
397	11	1322
398	0	722
398	1	700
398	2	586
398	3	700
398	4	869
398	5	815
398	6	978
398	7	613
398	8	624
398	9	748
398	10	737
398	11	430
399	0	880
399	1	830
399	2	1145
399	3	1185
399	4	521
399	5	972
399	6	719
399	7	574
399	8	785
399	9	1378
399	10	715
399	11	425
400	0	471
400	1	1044
400	2	1122
400	3	706
400	4	495
400	5	496
400	6	1221
400	7	555
400	8	874
400	9	1092
400	10	438
400	11	1365
401	0	1202
401	1	615
401	2	647
401	3	493
401	4	841
401	5	807
401	6	1318
401	7	707
401	8	561
401	9	967
401	10	889
401	11	1125
402	0	1115
402	1	721
402	2	540
402	3	995
402	4	1290
402	5	597
402	6	1078
402	7	1373
402	8	1311
402	9	1100
402	10	1045
402	11	405
403	0	1068
403	1	560
403	2	1220
403	3	688
403	4	533
403	5	1149
403	6	633
403	7	920
403	8	926
403	9	1114
403	10	905
403	11	842
404	0	619
404	1	456
404	2	1160
404	3	1307
404	4	504
404	5	975
404	6	1037
404	7	1152
404	8	591
404	9	888
404	10	1357
404	11	435
405	0	869
405	1	951
405	2	807
405	3	519
405	4	1062
405	5	1359
405	6	589
405	7	433
405	8	776
405	9	522
405	10	1396
405	11	898
406	0	646
406	1	1174
406	2	1172
406	3	450
406	4	555
406	5	1188
406	6	1121
406	7	1093
406	8	664
406	9	890
406	10	1090
406	11	1014
407	0	1011
407	1	634
407	2	994
407	3	991
407	4	669
407	5	878
407	6	1206
407	7	1241
407	8	1026
407	9	1051
407	10	922
407	11	635
408	0	582
408	1	1033
408	2	1323
408	3	414
408	4	737
408	5	1163
408	6	1026
408	7	735
408	8	473
408	9	1326
408	10	679
408	11	665
409	0	487
409	1	784
409	2	782
409	3	524
409	4	1274
409	5	1135
409	6	742
409	7	778
409	8	935
409	9	967
409	10	983
409	11	1075
410	0	949
410	1	539
410	2	1386
410	3	1362
410	4	990
410	5	1066
410	6	724
410	7	456
410	8	923
410	9	1037
410	10	802
410	11	896
411	0	486
411	1	1275
411	2	891
411	3	1354
411	4	794
411	5	1366
411	6	748
411	7	413
411	8	749
411	9	457
411	10	876
411	11	1058
412	0	609
412	1	1357
412	2	977
412	3	796
412	4	478
412	5	1340
412	6	491
412	7	906
412	8	1255
412	9	1043
412	10	936
412	11	986
413	0	584
413	1	1381
413	2	1302
413	3	601
413	4	735
413	5	433
413	6	1106
413	7	555
413	8	909
413	9	880
413	10	857
413	11	1006
414	0	1371
414	1	657
414	2	550
414	3	445
414	4	989
414	5	1147
414	6	532
414	7	1307
414	8	1216
414	9	430
414	10	543
414	11	837
415	0	1254
415	1	800
415	2	964
415	3	665
415	4	1218
415	5	1012
415	6	1371
415	7	435
415	8	1341
415	9	501
415	10	1290
415	11	751
416	0	908
416	1	1110
416	2	633
416	3	648
416	4	423
416	5	702
416	6	687
416	7	769
416	8	662
416	9	420
416	10	681
416	11	438
417	0	719
417	1	1216
417	2	898
417	3	871
417	4	805
417	5	748
417	6	997
417	7	823
417	8	589
417	9	677
417	10	752
417	11	1073
418	0	1113
418	1	890
418	2	648
418	3	1305
418	4	874
418	5	1214
418	6	883
418	7	1065
418	8	478
418	9	729
418	10	1138
418	11	720
419	0	403
419	1	887
419	2	1118
419	3	535
419	4	784
419	5	1233
419	6	1271
419	7	1257
419	8	808
419	9	727
419	10	1274
419	11	890
420	0	1274
420	1	1287
420	2	863
420	3	658
420	4	1079
420	5	424
420	6	1310
420	7	502
420	8	950
420	9	573
420	10	403
420	11	859
421	0	496
421	1	991
421	2	1086
421	3	859
421	4	771
421	5	912
421	6	1019
421	7	556
421	8	867
421	9	968
421	10	1182
421	11	1245
422	0	720
422	1	777
422	2	1330
422	3	471
422	4	1227
422	5	977
422	6	501
422	7	835
422	8	981
422	9	919
422	10	1050
422	11	1309
423	0	1397
423	1	712
423	2	638
423	3	1334
423	4	803
423	5	1283
423	6	424
423	7	665
423	8	1083
423	9	652
423	10	1233
423	11	524
424	0	808
424	1	674
424	2	863
424	3	1383
424	4	406
424	5	1091
424	6	775
424	7	1374
424	8	786
424	9	847
424	10	1355
424	11	1122
425	0	1039
425	1	1282
425	2	592
425	3	562
425	4	1268
425	5	978
425	6	518
425	7	1131
425	8	1346
425	9	777
425	10	983
425	11	572
426	0	407
426	1	696
426	2	1378
426	3	493
426	4	1197
426	5	1265
426	6	736
426	7	704
426	8	950
426	9	1118
426	10	1231
426	11	1331
427	0	1362
427	1	480
427	2	479
427	3	667
427	4	1341
427	5	593
427	6	1180
427	7	741
427	8	645
427	9	1003
427	10	614
427	11	606
428	0	1240
428	1	1070
428	2	1193
428	3	450
428	4	1165
428	5	1013
428	6	782
428	7	699
428	8	985
428	9	1313
428	10	792
428	11	451
429	0	451
429	1	1307
429	2	1101
429	3	712
429	4	798
429	5	1370
429	6	704
429	7	1129
429	8	1262
429	9	1160
429	10	634
429	11	1126
430	0	748
430	1	1026
430	2	1079
430	3	614
430	4	1277
430	5	836
430	6	825
430	7	729
430	8	784
430	9	1139
430	10	1129
430	11	1389
431	0	1087
431	1	817
431	2	858
431	3	792
431	4	1343
431	5	1093
431	6	1278
431	7	1382
431	8	1130
431	9	1072
431	10	1184
431	11	1210
432	0	1344
432	1	770
432	2	1165
432	3	1064
432	4	495
432	5	924
432	6	660
432	7	1241
432	8	587
432	9	769
432	10	1120
432	11	1299
433	0	738
433	1	1336
433	2	1055
433	3	722
433	4	847
433	5	779
433	6	927
433	7	951
433	8	1142
433	9	683
433	10	869
433	11	878
434	0	1201
434	1	1323
434	2	1008
434	3	501
434	4	1057
434	5	1327
434	6	699
434	7	1126
434	8	1372
434	9	1308
434	10	1347
434	11	1185
435	0	1246
435	1	556
435	2	626
435	3	479
435	4	1117
435	5	1058
435	6	766
435	7	1392
435	8	400
435	9	708
435	10	1344
435	11	445
436	0	958
436	1	797
436	2	1397
436	3	1343
436	4	1216
436	5	550
436	6	1002
436	7	547
436	8	784
436	9	749
436	10	450
436	11	1290
437	0	710
437	1	1219
437	2	979
437	3	832
437	4	1101
437	5	1311
437	6	618
437	7	755
437	8	676
437	9	1295
437	10	1072
437	11	1018
438	0	986
438	1	989
438	2	729
438	3	545
438	4	444
438	5	831
438	6	820
438	7	1135
438	8	1006
438	9	1029
438	10	475
438	11	559
439	0	1353
439	1	1393
439	2	919
439	3	812
439	4	656
439	5	946
439	6	1335
439	7	636
439	8	596
439	9	432
439	10	982
439	11	563
440	0	1093
440	1	1389
440	2	1022
440	3	956
440	4	1352
440	5	563
440	6	1084
440	7	733
440	8	1197
440	9	1026
440	10	1070
440	11	731
441	0	1352
441	1	547
441	2	836
441	3	945
441	4	1259
441	5	402
441	6	1387
441	7	1208
441	8	1310
441	9	1067
441	10	957
441	11	1217
442	0	809
442	1	951
442	2	892
442	3	1227
442	4	862
442	5	596
442	6	555
442	7	1091
442	8	1394
442	9	615
442	10	571
442	11	843
443	0	926
443	1	926
443	2	609
443	3	430
443	4	1316
443	5	745
443	6	554
443	7	761
443	8	653
443	9	1187
443	10	1356
443	11	747
444	0	644
444	1	1245
444	2	1064
444	3	593
444	4	1368
444	5	408
444	6	567
444	7	1203
444	8	1000
444	9	1132
444	10	1323
444	11	1190
445	0	1166
445	1	942
445	2	934
445	3	648
445	4	939
445	5	966
445	6	781
445	7	549
445	8	1069
445	9	1320
445	10	1030
445	11	1333
446	0	936
446	1	840
446	2	1252
446	3	1051
446	4	917
446	5	1358
446	6	583
446	7	1176
446	8	1267
446	9	858
446	10	808
446	11	1040
447	0	1385
447	1	570
447	2	1020
447	3	712
447	4	1334
447	5	1319
447	6	530
447	7	985
447	8	797
447	9	1210
447	10	512
447	11	1100
448	0	1201
448	1	1016
448	2	468
448	3	738
448	4	649
448	5	519
448	6	987
448	7	818
448	8	1386
448	9	1370
448	10	1392
448	11	640
449	0	993
449	1	975
449	2	849
449	3	931
449	4	1190
449	5	1321
449	6	1206
449	7	477
449	8	1097
449	9	624
449	10	1345
449	11	1049
450	0	1108
450	1	1179
450	2	1095
450	3	544
450	4	1042
450	5	808
450	6	841
450	7	1366
450	8	1088
450	9	868
450	10	783
450	11	1309
451	0	1165
451	1	854
451	2	450
451	3	401
451	4	697
451	5	1265
451	6	464
451	7	452
451	8	509
451	9	540
451	10	743
451	11	1325
452	0	455
452	1	558
452	2	1295
452	3	1264
452	4	681
452	5	404
452	6	528
452	7	997
452	8	889
452	9	839
452	10	504
452	11	665
453	0	802
453	1	1217
453	2	896
453	3	1097
453	4	1094
453	5	1346
453	6	502
453	7	1352
453	8	423
453	9	1182
453	10	1034
453	11	968
454	0	814
454	1	1071
454	2	571
454	3	820
454	4	608
454	5	675
454	6	501
454	7	1075
454	8	1357
454	9	653
454	10	978
454	11	1271
455	0	558
455	1	596
455	2	960
455	3	1172
455	4	861
455	5	766
455	6	626
455	7	654
455	8	463
455	9	648
455	10	580
455	11	592
456	0	697
456	1	433
456	2	572
456	3	1350
456	4	469
456	5	1109
456	6	579
456	7	1267
456	8	1051
456	9	956
456	10	1032
456	11	1244
457	0	947
457	1	909
457	2	634
457	3	1356
457	4	972
457	5	409
457	6	690
457	7	1207
457	8	447
457	9	1090
457	10	1133
457	11	633
458	0	404
458	1	891
458	2	442
458	3	1214
458	4	1013
458	5	952
458	6	484
458	7	978
458	8	1011
458	9	959
458	10	893
458	11	633
459	0	771
459	1	454
459	2	964
459	3	637
459	4	813
459	5	957
459	6	1233
459	7	415
459	8	938
459	9	703
459	10	815
459	11	1100
460	0	926
460	1	1168
460	2	1309
460	3	1200
460	4	670
460	5	570
460	6	583
460	7	747
460	8	932
460	9	985
460	10	1021
460	11	587
461	0	411
461	1	773
461	2	897
461	3	625
461	4	682
461	5	540
461	6	1363
461	7	1084
461	8	649
461	9	975
461	10	1182
461	11	998
462	0	549
462	1	486
462	2	732
462	3	477
462	4	1241
462	5	737
462	6	1012
462	7	538
462	8	423
462	9	868
462	10	1325
462	11	625
463	0	712
463	1	1359
463	2	1089
463	3	1297
463	4	984
463	5	1285
463	6	748
463	7	948
463	8	1203
463	9	959
463	10	1062
463	11	827
464	0	1042
464	1	766
464	2	1168
464	3	1092
464	4	953
464	5	1337
464	6	661
464	7	1085
464	8	970
464	9	1074
464	10	611
464	11	545
465	0	505
465	1	442
465	2	872
465	3	1003
465	4	520
465	5	1360
465	6	1252
465	7	1186
465	8	1024
465	9	514
465	10	1120
465	11	841
466	0	558
466	1	1369
466	2	801
466	3	1045
466	4	1392
466	5	1219
466	6	687
466	7	717
466	8	504
466	9	640
466	10	1318
466	11	756
467	0	996
467	1	1327
467	2	834
467	3	933
467	4	508
467	5	1380
467	6	1076
467	7	472
467	8	1367
467	9	779
467	10	1355
467	11	975
468	0	650
468	1	971
468	2	1298
468	3	1241
468	4	1078
468	5	1174
468	6	530
468	7	1324
468	8	698
468	9	1286
468	10	880
468	11	1091
469	0	557
469	1	1026
469	2	704
469	3	447
469	4	1213
469	5	1265
469	6	444
469	7	1338
469	8	736
469	9	1331
469	10	961
469	11	612
470	0	1028
470	1	434
470	2	1315
470	3	866
470	4	690
470	5	1275
470	6	616
470	7	1381
470	8	1395
470	9	1316
470	10	1274
470	11	1383
471	0	674
471	1	1150
471	2	503
471	3	936
471	4	1331
471	5	927
471	6	1183
471	7	904
471	8	1218
471	9	781
471	10	1278
471	11	606
472	0	945
472	1	786
472	2	831
472	3	969
472	4	1204
472	5	1047
472	6	1201
472	7	1213
472	8	790
472	9	1144
472	10	593
472	11	1355
473	0	1057
473	1	1304
473	2	1141
473	3	1140
473	4	513
473	5	1364
473	6	762
473	7	1271
473	8	493
473	9	772
473	10	752
473	11	1228
474	0	1354
474	1	653
474	2	634
474	3	1301
474	4	459
474	5	1213
474	6	1062
474	7	893
474	8	1259
474	9	574
474	10	711
474	11	604
475	0	1186
475	1	462
475	2	933
475	3	1081
475	4	663
475	5	1045
475	6	612
475	7	1105
475	8	515
475	9	618
475	10	1132
475	11	964
476	0	1213
476	1	750
476	2	531
476	3	704
476	4	908
476	5	984
476	6	964
476	7	466
476	8	972
476	9	1172
476	10	1360
476	11	740
477	0	789
477	1	1043
477	2	710
477	3	1043
477	4	893
477	5	668
477	6	806
477	7	1223
477	8	1152
477	9	1062
477	10	1325
477	11	1308
478	0	585
478	1	1298
478	2	1107
478	3	586
478	4	571
478	5	1130
478	6	1135
478	7	404
478	8	674
478	9	1338
478	10	1199
478	11	956
479	0	1035
479	1	688
479	2	496
479	3	1244
479	4	1284
479	5	662
479	6	420
479	7	1207
479	8	1269
479	9	884
479	10	636
479	11	998
480	0	414
480	1	460
480	2	1111
480	3	1286
480	4	440
480	5	1313
480	6	1158
480	7	456
480	8	1273
480	9	945
480	10	705
480	11	589
481	0	427
481	1	947
481	2	930
481	3	1147
481	4	828
481	5	1034
481	6	1152
481	7	1352
481	8	1039
481	9	1338
481	10	1321
481	11	1344
482	0	1118
482	1	1153
482	2	782
482	3	1362
482	4	871
482	5	407
482	6	1018
482	7	1330
482	8	1120
482	9	638
482	10	941
482	11	440
483	0	685
483	1	1372
483	2	898
483	3	554
483	4	1191
483	5	407
483	6	1021
483	7	490
483	8	483
483	9	650
483	10	663
483	11	568
484	0	1375
484	1	854
484	2	706
484	3	1097
484	4	693
484	5	788
484	6	1225
484	7	849
484	8	1122
484	9	1145
484	10	548
484	11	931
485	0	1106
485	1	739
485	2	1064
485	3	912
485	4	1187
485	5	1370
485	6	1217
485	7	468
485	8	496
485	9	1060
485	10	1014
485	11	1328
486	0	754
486	1	1234
486	2	1016
486	3	774
486	4	1075
486	5	831
486	6	1226
486	7	522
486	8	1064
486	9	1230
486	10	522
486	11	1356
487	0	1180
487	1	1382
487	2	1255
487	3	497
487	4	1097
487	5	490
487	6	438
487	7	1345
487	8	882
487	9	1128
487	10	513
487	11	846
488	0	1068
488	1	747
488	2	1008
488	3	499
488	4	1394
488	5	1081
488	6	552
488	7	684
488	8	796
488	9	1110
488	10	597
488	11	791
489	0	465
489	1	868
489	2	898
489	3	1396
489	4	1218
489	5	580
489	6	1274
489	7	581
489	8	1150
489	9	1303
489	10	411
489	11	1300
490	0	588
490	1	515
490	2	509
490	3	631
490	4	630
490	5	845
490	6	400
490	7	628
490	8	1145
490	9	467
490	10	1320
490	11	456
491	0	987
491	1	495
491	2	955
491	3	450
491	4	1280
491	5	1100
491	6	468
491	7	781
491	8	1093
491	9	965
491	10	1221
491	11	406
492	0	501
492	1	1118
492	2	559
492	3	1095
492	4	1026
492	5	1165
492	6	595
492	7	1395
492	8	716
492	9	1399
492	10	1140
492	11	556
493	0	668
493	1	1343
493	2	1061
493	3	579
493	4	625
493	5	775
493	6	1136
493	7	764
493	8	401
493	9	432
493	10	1133
493	11	1355
494	0	1259
494	1	1154
494	2	1237
494	3	1138
494	4	1062
494	5	427
494	6	1139
494	7	1145
494	8	952
494	9	919
494	10	1069
494	11	915
495	0	561
495	1	857
495	2	809
495	3	1163
495	4	1269
495	5	800
495	6	1254
495	7	1020
495	8	821
495	9	665
495	10	1394
495	11	514
496	0	693
496	1	654
496	2	707
496	3	1306
496	4	964
496	5	1065
496	6	790
496	7	1267
496	8	1090
496	9	856
496	10	765
496	11	925
497	0	885
497	1	1199
497	2	1383
497	3	1377
497	4	1251
497	5	1232
497	6	999
497	7	837
497	8	639
497	9	643
497	10	598
497	11	582
498	0	1037
498	1	728
498	2	799
498	3	693
498	4	1289
498	5	1101
498	6	1367
498	7	662
498	8	908
498	9	1259
498	10	1089
498	11	620
499	0	1134
499	1	832
499	2	986
499	3	681
499	4	892
499	5	425
499	6	768
499	7	643
499	8	478
499	9	642
499	10	1097
499	11	1092
500	0	1250
500	1	1042
500	2	716
500	3	759
500	4	1337
500	5	499
500	6	747
500	7	843
500	8	1398
500	9	675
500	10	474
500	11	909
501	0	763
501	1	1094
501	2	776
501	3	845
501	4	856
501	5	610
501	6	939
501	7	1360
501	8	681
501	9	900
501	10	969
501	11	448
502	0	1263
502	1	967
502	2	673
502	3	1245
502	4	400
502	5	570
502	6	730
502	7	800
502	8	742
502	9	887
502	10	674
502	11	1265
503	0	1224
503	1	716
503	2	1230
503	3	1208
503	4	1159
503	5	987
503	6	709
503	7	808
503	8	797
503	9	1398
503	10	1255
503	11	895
504	0	1047
504	1	528
504	2	550
504	3	998
504	4	1115
504	5	889
504	6	1236
504	7	766
504	8	1238
504	9	976
504	10	717
504	11	407
505	0	1353
505	1	530
505	2	1167
505	3	1075
505	4	490
505	5	917
505	6	577
505	7	452
505	8	924
505	9	736
505	10	401
505	11	1120
506	0	638
506	1	493
506	2	888
506	3	728
506	4	423
506	5	486
506	6	535
506	7	1334
506	8	1064
506	9	822
506	10	1140
506	11	776
507	0	1371
507	1	843
507	2	862
507	3	414
507	4	504
507	5	1085
507	6	1302
507	7	1038
507	8	917
507	9	1334
507	10	1111
507	11	1361
508	0	498
508	1	1212
508	2	797
508	3	1009
508	4	915
508	5	1254
508	6	446
508	7	563
508	8	1004
508	9	1378
508	10	830
508	11	845
509	0	1021
509	1	1205
509	2	950
509	3	1287
509	4	963
509	5	732
509	6	400
509	7	913
509	8	736
509	9	442
509	10	1067
509	11	1234
510	0	857
510	1	1065
510	2	596
510	3	1052
510	4	550
510	5	843
510	6	719
510	7	1014
510	8	538
510	9	1342
510	10	1034
510	11	548
511	0	588
511	1	560
511	2	1075
511	3	673
511	4	861
511	5	1313
511	6	515
511	7	1066
511	8	434
511	9	687
511	10	1200
511	11	663
512	0	924
512	1	613
512	2	1272
512	3	1057
512	4	1032
512	5	483
512	6	1039
512	7	873
512	8	922
512	9	1078
512	10	1387
512	11	1385
513	0	826
513	1	996
513	2	485
513	3	601
513	4	922
513	5	1183
513	6	1239
513	7	1180
513	8	552
513	9	1133
513	10	473
513	11	601
514	0	1091
514	1	827
514	2	1065
514	3	1168
514	4	1342
514	5	501
514	6	1357
514	7	577
514	8	1150
514	9	876
514	10	1001
514	11	990
515	0	1044
515	1	589
515	2	1006
515	3	762
515	4	1105
515	5	1177
515	6	1184
515	7	1257
515	8	931
515	9	1097
515	10	1373
515	11	449
516	0	529
516	1	978
516	2	770
516	3	1347
516	4	1190
516	5	485
516	6	491
516	7	618
516	8	932
516	9	936
516	10	965
516	11	1193
517	0	874
517	1	1066
517	2	1125
517	3	1017
517	4	1012
517	5	1175
517	6	418
517	7	582
517	8	1204
517	9	1187
517	10	555
517	11	1352
518	0	814
518	1	1060
518	2	571
518	3	691
518	4	406
518	5	1342
518	6	1203
518	7	442
518	8	1076
518	9	651
518	10	814
518	11	898
519	0	465
519	1	1261
519	2	1093
519	3	479
519	4	1322
519	5	1017
519	6	546
519	7	1090
519	8	480
519	9	1303
519	10	1347
519	11	774
520	0	457
520	1	846
520	2	479
520	3	996
520	4	520
520	5	722
520	6	1203
520	7	605
520	8	914
520	9	1064
520	10	807
520	11	1281
521	0	1141
521	1	605
521	2	1283
521	3	1069
521	4	647
521	5	1374
521	6	1049
521	7	422
521	8	974
521	9	575
521	10	1058
521	11	1034
522	0	485
522	1	934
522	2	710
522	3	602
522	4	1048
522	5	547
522	6	765
522	7	609
522	8	647
522	9	598
522	10	1062
522	11	1141
523	0	755
523	1	1130
523	2	1224
523	3	723
523	4	443
523	5	425
523	6	681
523	7	1207
523	8	614
523	9	470
523	10	1293
523	11	721
524	0	463
524	1	1375
524	2	559
524	3	825
524	4	1256
524	5	613
524	6	920
524	7	1085
524	8	765
524	9	415
524	10	910
524	11	411
525	0	1273
525	1	699
525	2	1031
525	3	682
525	4	868
525	5	448
525	6	1001
525	7	1375
525	8	860
525	9	556
525	10	713
525	11	1137
526	0	574
526	1	771
526	2	616
526	3	502
526	4	1388
526	5	510
526	6	418
526	7	1241
526	8	909
526	9	1006
526	10	1000
526	11	1157
527	0	1344
527	1	473
527	2	1165
527	3	499
527	4	713
527	5	679
527	6	1375
527	7	530
527	8	1274
527	9	638
527	10	962
527	11	1218
528	0	673
528	1	908
528	2	1376
528	3	462
528	4	656
528	5	1325
528	6	911
528	7	740
528	8	823
528	9	878
528	10	1016
528	11	568
529	0	856
529	1	821
529	2	734
529	3	720
529	4	806
529	5	1054
529	6	1014
529	7	695
529	8	576
529	9	1262
529	10	682
529	11	568
530	0	428
530	1	1309
530	2	587
530	3	943
530	4	460
530	5	876
530	6	1050
530	7	436
530	8	1285
530	9	430
530	10	1057
530	11	775
531	0	759
531	1	1161
531	2	775
531	3	1374
531	4	516
531	5	669
531	6	875
531	7	944
531	8	1226
531	9	809
531	10	841
531	11	545
532	0	941
532	1	1304
532	2	896
532	3	1270
532	4	646
532	5	439
532	6	454
532	7	618
532	8	1139
532	9	1380
532	10	1011
532	11	497
533	0	654
533	1	465
533	2	1222
533	3	716
533	4	1244
533	5	1088
533	6	492
533	7	747
533	8	767
533	9	657
533	10	801
533	11	565
534	0	498
534	1	465
534	2	624
534	3	1321
534	4	776
534	5	1212
534	6	745
534	7	699
534	8	834
534	9	1355
534	10	505
534	11	847
535	0	912
535	1	409
535	2	507
535	3	870
535	4	1046
535	5	834
535	6	1073
535	7	1044
535	8	458
535	9	1155
535	10	848
535	11	1028
536	0	1308
536	1	521
536	2	745
536	3	581
536	4	688
536	5	994
536	6	1096
536	7	508
536	8	1093
536	9	485
536	10	1238
536	11	809
537	0	1334
537	1	1393
537	2	993
537	3	1306
537	4	767
537	5	682
537	6	434
537	7	1353
537	8	951
537	9	1373
537	10	1105
537	11	553
538	0	405
538	1	1108
538	2	1384
538	3	832
538	4	867
538	5	802
538	6	999
538	7	600
538	8	603
538	9	1118
538	10	790
538	11	1199
539	0	619
539	1	912
539	2	693
539	3	1304
539	4	1321
539	5	602
539	6	584
539	7	455
539	8	1034
539	9	864
539	10	1060
539	11	428
540	0	1057
540	1	950
540	2	423
540	3	756
540	4	1364
540	5	415
540	6	1197
540	7	1260
540	8	863
540	9	1007
540	10	1219
540	11	1148
541	0	1146
541	1	1021
541	2	959
541	3	844
541	4	1018
541	5	460
541	6	1049
541	7	447
541	8	680
541	9	929
541	10	1130
541	11	442
542	0	1357
542	1	1337
542	2	1030
542	3	1008
542	4	1299
542	5	1073
542	6	975
542	7	1118
542	8	581
542	9	574
542	10	1022
542	11	1395
543	0	834
543	1	853
543	2	1115
543	3	561
543	4	1050
543	5	832
543	6	1248
543	7	1208
543	8	941
543	9	1101
543	10	977
543	11	525
544	0	860
544	1	1003
544	2	1180
544	3	553
544	4	1192
544	5	811
544	6	1269
544	7	536
544	8	1242
544	9	1113
544	10	1289
544	11	936
545	0	1089
545	1	435
545	2	1213
545	3	714
545	4	552
545	5	540
545	6	508
545	7	561
545	8	428
545	9	830
545	10	517
545	11	861
546	0	410
546	1	755
546	2	508
546	3	1298
546	4	650
546	5	1153
546	6	1285
546	7	1190
546	8	753
546	9	1024
546	10	1120
546	11	826
547	0	1108
547	1	1290
547	2	1363
547	3	1313
547	4	846
547	5	759
547	6	529
547	7	694
547	8	1394
547	9	614
547	10	824
547	11	1386
548	0	538
548	1	460
548	2	1052
548	3	1321
548	4	1156
548	5	1162
548	6	584
548	7	516
548	8	1292
548	9	446
548	10	634
548	11	1169
549	0	1040
549	1	526
549	2	1349
549	3	834
549	4	782
549	5	803
549	6	1376
549	7	612
549	8	695
549	9	1037
549	10	1383
549	11	844
550	0	1081
550	1	1255
550	2	722
550	3	1238
550	4	977
550	5	1054
550	6	819
550	7	936
550	8	743
550	9	893
550	10	1130
550	11	602
551	0	775
551	1	429
551	2	469
551	3	1185
551	4	1286
551	5	949
551	6	1335
551	7	676
551	8	1116
551	9	457
551	10	1381
551	11	828
552	0	897
552	1	1064
552	2	560
552	3	500
552	4	466
552	5	878
552	6	588
552	7	1033
552	8	1362
552	9	738
552	10	1248
552	11	792
553	0	1366
553	1	763
553	2	801
553	3	846
553	4	526
553	5	901
553	6	1189
553	7	517
553	8	845
553	9	1323
553	10	991
553	11	447
554	0	808
554	1	805
554	2	1125
554	3	668
554	4	1241
554	5	982
554	6	1097
554	7	1088
554	8	562
554	9	665
554	10	1185
554	11	774
555	0	1354
555	1	1269
555	2	1343
555	3	1347
555	4	1317
555	5	750
555	6	746
555	7	869
555	8	1097
555	9	1346
555	10	853
555	11	575
556	0	1181
556	1	870
556	2	566
556	3	945
556	4	1036
556	5	1240
556	6	579
556	7	660
556	8	941
556	9	434
556	10	1295
556	11	1133
557	0	499
557	1	1094
557	2	730
557	3	503
557	4	655
557	5	533
557	6	701
557	7	1116
557	8	1152
557	9	1010
557	10	1193
557	11	811
558	0	753
558	1	742
558	2	1217
558	3	530
558	4	1210
558	5	1285
558	6	668
558	7	1105
558	8	955
558	9	569
558	10	647
558	11	1363
559	0	680
559	1	1126
559	2	475
559	3	1068
559	4	518
559	5	753
559	6	1143
559	7	590
559	8	1318
559	9	1147
559	10	1279
559	11	601
560	0	613
560	1	856
560	2	786
560	3	563
560	4	1187
560	5	1216
560	6	1185
560	7	1231
560	8	863
560	9	821
560	10	1377
560	11	908
561	0	988
561	1	470
561	2	933
561	3	744
561	4	1328
561	5	461
561	6	1287
561	7	919
561	8	581
561	9	573
561	10	1173
561	11	1166
562	0	459
562	1	1060
562	2	454
562	3	725
562	4	1338
562	5	517
562	6	1030
562	7	477
562	8	837
562	9	519
562	10	886
562	11	711
563	0	1251
563	1	540
563	2	437
563	3	691
563	4	694
563	5	753
563	6	1260
563	7	970
563	8	954
563	9	987
563	10	968
563	11	1169
564	0	533
564	1	1276
564	2	473
564	3	768
564	4	1068
564	5	1163
564	6	1122
564	7	1307
564	8	1362
564	9	1155
564	10	1224
564	11	1289
565	0	525
565	1	504
565	2	1304
565	3	965
565	4	1339
565	5	793
565	6	1006
565	7	1165
565	8	786
565	9	641
565	10	962
565	11	1279
566	0	852
566	1	1216
566	2	1070
566	3	535
566	4	1112
566	5	1145
566	6	602
566	7	725
566	8	1334
566	9	812
566	10	1237
566	11	643
567	0	1301
567	1	1058
567	2	664
567	3	564
567	4	1335
567	5	716
567	6	640
567	7	1237
567	8	543
567	9	496
567	10	473
567	11	1060
568	0	640
568	1	1275
568	2	750
568	3	1248
568	4	1310
568	5	901
568	6	735
568	7	1080
568	8	468
568	9	1298
568	10	1282
568	11	540
569	0	440
569	1	758
569	2	1312
569	3	973
569	4	1049
569	5	1010
569	6	826
569	7	695
569	8	828
569	9	855
569	10	1240
569	11	839
570	0	1087
570	1	927
570	2	1305
570	3	1118
570	4	1372
570	5	1371
570	6	1216
570	7	589
570	8	922
570	9	1074
570	10	610
570	11	953
571	0	1101
571	1	1398
571	2	1019
571	3	406
571	4	412
571	5	1247
571	6	998
571	7	559
571	8	635
571	9	683
571	10	605
571	11	490
572	0	824
572	1	1258
572	2	1112
572	3	560
572	4	1388
572	5	670
572	6	829
572	7	1225
572	8	1260
572	9	1354
572	10	719
572	11	721
573	0	1172
573	1	1155
573	2	1027
573	3	1139
573	4	426
573	5	1251
573	6	506
573	7	1146
573	8	1125
573	9	1127
573	10	935
573	11	1282
574	0	750
574	1	477
574	2	546
574	3	565
574	4	1105
574	5	595
574	6	654
574	7	913
574	8	1156
574	9	962
574	10	1261
574	11	697
575	0	970
575	1	489
575	2	646
575	3	617
575	4	1022
575	5	1070
575	6	1002
575	7	960
575	8	409
575	9	932
575	10	976
575	11	1224
576	0	1102
576	1	508
576	2	577
576	3	1023
576	4	1220
576	5	463
576	6	1281
576	7	1185
576	8	457
576	9	814
576	10	1335
576	11	953
577	0	1210
577	1	1023
577	2	1178
577	3	1242
577	4	672
577	5	1355
577	6	645
577	7	964
577	8	1117
577	9	761
577	10	1090
577	11	567
578	0	899
578	1	1030
578	2	876
578	3	1023
578	4	1214
578	5	997
578	6	716
578	7	713
578	8	507
578	9	1125
578	10	1220
578	11	811
579	0	522
579	1	890
579	2	606
579	3	1024
579	4	1382
579	5	1000
579	6	956
579	7	800
579	8	761
579	9	633
579	10	578
579	11	1381
580	0	1149
580	1	561
580	2	1009
580	3	447
580	4	480
580	5	1244
580	6	941
580	7	402
580	8	864
580	9	700
580	10	891
580	11	758
581	0	1009
581	1	1269
581	2	742
581	3	498
581	4	958
581	5	1150
581	6	1380
581	7	723
581	8	1150
581	9	963
581	10	528
581	11	1382
582	0	458
582	1	442
582	2	535
582	3	1385
582	4	755
582	5	758
582	6	1321
582	7	941
582	8	790
582	9	910
582	10	884
582	11	539
583	0	627
583	1	1096
583	2	800
583	3	580
583	4	674
583	5	929
583	6	900
583	7	1317
583	8	1370
583	9	942
583	10	901
583	11	421
584	0	925
584	1	835
584	2	1093
584	3	1164
584	4	1133
584	5	531
584	6	1310
584	7	994
584	8	1162
584	9	1215
584	10	1337
584	11	956
585	0	1377
585	1	1181
585	2	573
585	3	1288
585	4	748
585	5	501
585	6	1256
585	7	1269
585	8	1096
585	9	1225
585	10	795
585	11	1298
586	0	457
586	1	1079
586	2	791
586	3	1048
586	4	1148
586	5	1396
586	6	1151
586	7	443
586	8	687
586	9	1329
586	10	1272
586	11	1184
587	0	596
587	1	1208
587	2	679
587	3	487
587	4	1231
587	5	1309
587	6	616
587	7	746
587	8	1236
587	9	1167
587	10	1084
587	11	838
588	0	902
588	1	1014
588	2	477
588	3	882
588	4	703
588	5	879
588	6	519
588	7	1360
588	8	548
588	9	1397
588	10	461
588	11	635
589	0	835
589	1	1353
589	2	565
589	3	1073
589	4	1230
589	5	609
589	6	749
589	7	1180
589	8	1185
589	9	1088
589	10	894
589	11	1365
590	0	620
590	1	1137
590	2	719
590	3	1238
590	4	863
590	5	748
590	6	1320
590	7	605
590	8	880
590	9	775
590	10	430
590	11	667
591	0	1096
591	1	494
591	2	1230
591	3	1279
591	4	575
591	5	644
591	6	1045
591	7	490
591	8	1183
591	9	1284
591	10	598
591	11	1033
592	0	1392
592	1	679
592	2	563
592	3	853
592	4	749
592	5	721
592	6	1072
592	7	1243
592	8	716
592	9	1278
592	10	439
592	11	684
593	0	449
593	1	1251
593	2	848
593	3	1002
593	4	1333
593	5	1069
593	6	948
593	7	1039
593	8	559
593	9	787
593	10	1297
593	11	643
594	0	799
594	1	972
594	2	1394
594	3	1396
594	4	1076
594	5	1068
594	6	588
594	7	1186
594	8	1267
594	9	997
594	10	506
594	11	411
595	0	1273
595	1	1328
595	2	760
595	3	1334
595	4	800
595	5	483
595	6	615
595	7	872
595	8	846
595	9	1081
595	10	969
595	11	886
596	0	460
596	1	705
596	2	474
596	3	862
596	4	1072
596	5	1101
596	6	896
596	7	721
596	8	699
596	9	1045
596	10	801
596	11	1397
597	0	640
597	1	898
597	2	521
597	3	708
597	4	853
597	5	1173
597	6	904
597	7	1023
597	8	1057
597	9	1273
597	10	750
597	11	1181
598	0	758
598	1	927
598	2	990
598	3	1137
598	4	800
598	5	757
598	6	603
598	7	857
598	8	782
598	9	826
598	10	982
598	11	1035
599	0	613
599	1	1000
599	2	956
599	3	1330
599	4	809
599	5	418
599	6	979
599	7	942
599	8	618
599	9	436
599	10	1035
599	11	510
